# False Positive Rate (FPR)	True Positive Rate (TPR)	Thresholds
0.000000000000000000e+00	0.000000000000000000e+00	inf
8.064516129032258058e-04	0.000000000000000000e+00	9.999769926071166992e-01
3.225806451612903223e-03	0.000000000000000000e+00	9.999740123748779297e-01
4.838709677419355051e-03	0.000000000000000000e+00	9.999737739562988281e-01
1.290322580645161289e-02	0.000000000000000000e+00	9.999711513519287109e-01
1.532258064516128955e-02	0.000000000000000000e+00	9.999709129333496094e-01
1.774193548387096794e-02	0.000000000000000000e+00	9.999698400497436523e-01
1.935483870967742021e-02	0.000000000000000000e+00	9.999696016311645508e-01
2.096774193548387247e-02	0.000000000000000000e+00	9.999692440032958984e-01
2.580645161290322578e-02	0.000000000000000000e+00	9.999688863754272461e-01
2.741935483870967805e-02	0.000000000000000000e+00	9.999685287475585938e-01
3.064516129032257910e-02	0.000000000000000000e+00	9.999680519104003906e-01
3.225806451612903136e-02	0.000000000000000000e+00	9.999675750732421875e-01
3.387096774193548709e-02	0.000000000000000000e+00	9.999674558639526367e-01
3.709677419354838468e-02	0.000000000000000000e+00	9.999666213989257812e-01
3.870967741935484041e-02	0.000000000000000000e+00	9.999665021896362305e-01
4.193548387096774493e-02	0.000000000000000000e+00	9.999653100967407227e-01
4.516129032258064252e-02	0.000000000000000000e+00	9.999648332595825195e-01
4.677419354838709825e-02	0.000000000000000000e+00	9.999647140502929688e-01
4.758064516129031918e-02	0.000000000000000000e+00	9.999645948410034180e-01
4.919354838709677491e-02	0.000000000000000000e+00	9.999642372131347656e-01
5.000000000000000278e-02	0.000000000000000000e+00	9.999639987945556641e-01
5.161290322580645157e-02	0.000000000000000000e+00	9.999638795852661133e-01
5.403225806451612823e-02	0.000000000000000000e+00	9.999637603759765625e-01
5.564516129032258396e-02	0.000000000000000000e+00	9.999636411666870117e-01
5.645161290322580488e-02	0.000000000000000000e+00	9.999631643295288086e-01
5.806451612903226062e-02	0.000000000000000000e+00	9.999630451202392578e-01
5.887096774193548154e-02	0.000000000000000000e+00	9.999629259109497070e-01
6.048387096774193727e-02	0.000000000000000000e+00	9.999628067016601562e-01
6.209677419354838607e-02	0.000000000000000000e+00	9.999623298645019531e-01
6.370967741935483486e-02	0.000000000000000000e+00	9.999622106552124023e-01
6.693548387096774632e-02	0.000000000000000000e+00	9.999613761901855469e-01
6.854838709677418818e-02	0.000000000000000000e+00	9.999612569808959961e-01
6.935483870967741604e-02	0.000000000000000000e+00	9.999611377716064453e-01
7.096774193548387177e-02	0.000000000000000000e+00	9.999610185623168945e-01
7.177419354838709964e-02	0.000000000000000000e+00	9.999607801437377930e-01
7.419354838709676936e-02	0.000000000000000000e+00	9.999605417251586914e-01
7.661290322580645296e-02	0.000000000000000000e+00	9.999601840972900391e-01
8.145161290322580627e-02	0.000000000000000000e+00	9.999599456787109375e-01
8.467741935483870386e-02	0.000000000000000000e+00	9.999594688415527344e-01
8.629032258064515959e-02	0.000000000000000000e+00	9.999591112136840820e-01
9.112903225806451291e-02	0.000000000000000000e+00	9.999588727951049805e-01
9.193548387096774077e-02	0.000000000000000000e+00	9.999583959579467773e-01
9.354838709677419650e-02	0.000000000000000000e+00	9.999582767486572266e-01
9.435483870967742437e-02	0.000000000000000000e+00	9.999581575393676758e-01
9.919354838709677769e-02	0.000000000000000000e+00	9.999577999114990234e-01
1.016129032258064474e-01	0.000000000000000000e+00	9.999568462371826172e-01
1.040322580645161310e-01	0.000000000000000000e+00	9.999567270278930664e-01
1.048387096774193589e-01	0.000000000000000000e+00	9.999564886093139648e-01
1.112903225806451679e-01	0.000000000000000000e+00	9.999560117721557617e-01
1.129032258064516098e-01	0.000000000000000000e+00	9.999558925628662109e-01
1.145161290322580655e-01	0.000000000000000000e+00	9.999555349349975586e-01
1.177419354838709631e-01	0.000000000000000000e+00	9.999551773071289062e-01
1.201612903225806467e-01	0.000000000000000000e+00	9.999547004699707031e-01
1.250000000000000000e-01	0.000000000000000000e+00	9.999541044235229492e-01
1.282258064516129115e-01	0.000000000000000000e+00	9.999539852142333984e-01
1.290322580645161255e-01	0.000000000000000000e+00	9.999533891677856445e-01
1.306451612903225812e-01	0.000000000000000000e+00	9.999531507492065430e-01
1.314516129032257952e-01	0.000000000000000000e+00	9.999530315399169922e-01
1.338709677419354926e-01	0.000000000000000000e+00	9.999529123306274414e-01
1.395161290322580738e-01	0.000000000000000000e+00	9.999514818191528320e-01
1.411290322580645296e-01	0.000000000000000000e+00	9.999513626098632812e-01
1.467741935483870830e-01	0.000000000000000000e+00	9.999498128890991211e-01
1.483870967741935387e-01	0.000000000000000000e+00	9.999495744705200195e-01
1.491935483870967805e-01	1.540832049306625632e-03	9.999493360519409180e-01
1.516129032258064502e-01	1.540832049306625632e-03	9.999492168426513672e-01
1.532258064516129059e-01	1.540832049306625632e-03	9.999488592147827148e-01
1.572580645161290314e-01	1.540832049306625632e-03	9.999475479125976562e-01
1.588709677419354871e-01	1.540832049306625632e-03	9.999474287033081055e-01
1.612903225806451568e-01	1.540832049306625632e-03	9.999469518661499023e-01
1.661290322580645240e-01	1.540832049306625632e-03	9.999465942382812500e-01
1.669354838709677380e-01	1.540832049306625632e-03	9.999464750289916992e-01
1.685483870967741937e-01	1.540832049306625632e-03	9.999463558197021484e-01
1.717741935483871052e-01	1.540832049306625632e-03	9.999457597732543945e-01
1.749999999999999889e-01	1.540832049306625632e-03	9.999455213546752930e-01
1.814516129032258118e-01	1.540832049306625632e-03	9.999440908432006836e-01
1.830645161290322676e-01	1.540832049306625632e-03	9.999439716339111328e-01
1.838709677419354815e-01	1.540832049306625632e-03	9.999438524246215820e-01
1.854838709677419373e-01	1.540832049306625632e-03	9.999432563781738281e-01
1.862903225806451513e-01	1.540832049306625632e-03	9.999430179595947266e-01
1.887096774193548487e-01	1.540832049306625632e-03	9.999428987503051758e-01
1.903225806451612767e-01	1.540832049306625632e-03	9.999426603317260742e-01
1.919354838709677324e-01	1.540832049306625632e-03	9.999424219131469727e-01
1.943548387096774299e-01	1.540832049306625632e-03	9.999418258666992188e-01
1.959677419354838579e-01	1.540832049306625632e-03	9.999417066574096680e-01
1.975806451612903136e-01	1.540832049306625632e-03	9.999413490295410156e-01
2.008064516129032251e-01	1.540832049306625632e-03	9.999409914016723633e-01
2.024193548387096808e-01	1.540832049306625632e-03	9.999405145645141602e-01
2.040322580645161366e-01	1.540832049306625632e-03	9.999402761459350586e-01
2.048387096774193505e-01	1.540832049306625632e-03	9.999401569366455078e-01
2.072580645161290203e-01	1.540832049306625632e-03	9.999397993087768555e-01
2.088709677419354760e-01	1.540832049306625632e-03	9.999395608901977539e-01
2.120967741935483875e-01	1.540832049306625632e-03	9.999388456344604492e-01
2.137096774193548432e-01	1.540832049306625632e-03	9.999387264251708984e-01
2.145161290322580572e-01	1.540832049306625632e-03	9.999384880065917969e-01
2.161290322580645129e-01	1.540832049306625632e-03	9.999383687973022461e-01
2.185483870967741826e-01	1.540832049306625632e-03	9.999377727508544922e-01
2.201612903225806384e-01	1.540832049306625632e-03	9.999376535415649414e-01
2.209677419354838801e-01	1.540832049306625632e-03	9.999375343322753906e-01
2.241935483870967638e-01	1.540832049306625632e-03	9.999371767044067383e-01
2.282258064516129170e-01	1.540832049306625632e-03	9.999358654022216797e-01
2.298387096774193450e-01	1.540832049306625632e-03	9.999353885650634766e-01
2.362903225806451679e-01	1.540832049306625632e-03	9.999336004257202148e-01
2.387096774193548376e-01	1.540832049306625632e-03	9.999334812164306641e-01
2.395161290322580516e-01	1.540832049306625632e-03	9.999331235885620117e-01
2.411290322580645074e-01	1.540832049306625632e-03	9.999328851699829102e-01
2.508064516129032140e-01	1.540832049306625632e-03	9.999306201934814453e-01
2.524193548387096975e-01	1.540832049306625632e-03	9.999301433563232422e-01
2.556451612903225534e-01	1.540832049306625632e-03	9.999289512634277344e-01
2.572580645161290369e-01	1.540832049306625632e-03	9.999288320541381836e-01
2.580645161290322509e-01	1.540832049306625632e-03	9.999287128448486328e-01
2.612903225806451624e-01	1.540832049306625632e-03	9.999282360076904297e-01
2.620967741935483764e-01	1.540832049306625632e-03	9.999274015426635742e-01
2.620967741935483764e-01	3.081664098613251263e-03	9.999270439147949219e-01
2.629032258064515903e-01	3.081664098613251263e-03	9.999268054962158203e-01
2.661290322580645018e-01	3.081664098613251263e-03	9.999264478683471680e-01
2.685483870967741993e-01	3.081664098613251263e-03	9.999259710311889648e-01
2.701612903225806273e-01	3.081664098613251263e-03	9.999257326126098633e-01
2.709677419354838968e-01	3.081664098613251263e-03	9.999248981475830078e-01
2.725806451612903247e-01	3.081664098613251263e-03	9.999241828918457031e-01
2.733870967741935387e-01	3.081664098613251263e-03	9.999240636825561523e-01
2.750000000000000222e-01	3.081664098613251263e-03	9.999238252639770508e-01
2.774193548387096642e-01	3.081664098613251263e-03	9.999227523803710938e-01
2.790322580645161477e-01	3.081664098613251263e-03	9.999223947525024414e-01
2.830645161290322731e-01	3.081664098613251263e-03	9.999216794967651367e-01
2.846774193548387011e-01	3.081664098613251263e-03	9.999215602874755859e-01
2.895161290322580405e-01	3.081664098613251263e-03	9.999200105667114258e-01
2.927419354838709520e-01	3.081664098613251263e-03	9.999194145202636719e-01
2.959677419354838634e-01	3.081664098613251263e-03	9.999173879623413086e-01
2.975806451612903469e-01	3.081664098613251263e-03	9.999172687530517578e-01
2.991935483870967749e-01	3.081664098613251263e-03	9.999165534973144531e-01
3.008064516129032029e-01	3.081664098613251263e-03	9.999163150787353516e-01
3.024193548387096864e-01	3.081664098613251263e-03	9.999160766601562500e-01
3.040322580645161143e-01	3.081664098613251263e-03	9.999155998229980469e-01
3.064516129032258118e-01	3.081664098613251263e-03	9.999144077301025391e-01
3.072580645161290258e-01	4.622496147919877112e-03	9.999141693115234375e-01
3.080645161290322398e-01	4.622496147919877112e-03	9.999140501022338867e-01
3.096774193548387233e-01	4.622496147919877112e-03	9.999139308929443359e-01
3.104838709677419373e-01	4.622496147919877112e-03	9.999138116836547852e-01
3.112903225806451513e-01	6.163328197226502526e-03	9.999136924743652344e-01
3.145161290322580627e-01	6.163328197226502526e-03	9.999121427536010742e-01
3.177419354838709742e-01	6.163328197226502526e-03	9.999115467071533203e-01
3.419354838709677269e-01	6.163328197226502526e-03	9.998986721038818359e-01
3.467741935483871218e-01	6.163328197226502526e-03	9.998977184295654297e-01
3.516129032258064613e-01	6.163328197226502526e-03	9.998939037322998047e-01
3.516129032258064613e-01	7.704160246533127941e-03	9.998928308486938477e-01
3.548387096774193727e-01	7.704160246533127941e-03	9.998902082443237305e-01
3.564516129032258007e-01	7.704160246533127941e-03	9.998892545700073242e-01
3.572580645161290147e-01	7.704160246533127941e-03	9.998890161514282227e-01
3.604838709677419262e-01	7.704160246533127941e-03	9.998884201049804688e-01
3.637096774193548376e-01	7.704160246533127941e-03	9.998866319656372070e-01
3.653225806451612656e-01	7.704160246533127941e-03	9.998862743377685547e-01
3.758064516129032140e-01	7.704160246533127941e-03	9.998774528503417969e-01
3.758064516129032140e-01	9.244992295839754223e-03	9.998772144317626953e-01
3.870967741935483764e-01	9.244992295839754223e-03	9.998662471771240234e-01
3.887096774193548598e-01	9.244992295839754223e-03	9.998656511306762695e-01
3.959677419354838968e-01	9.244992295839754223e-03	9.998584985733032227e-01
3.967741935483871107e-01	1.078582434514637964e-02	9.998580217361450195e-01
4.080645161290322731e-01	1.078582434514637964e-02	9.998476505279541016e-01
4.080645161290322731e-01	1.232665639445300505e-02	9.998471736907958984e-01
4.088709677419354871e-01	1.232665639445300505e-02	9.998468160629272461e-01
4.088709677419354871e-01	1.386748844375963047e-02	9.998463392257690430e-01
4.120967741935483986e-01	1.386748844375963047e-02	9.998407363891601562e-01
4.137096774193548265e-01	1.386748844375963047e-02	9.998381137847900391e-01
4.169354838709677380e-01	1.386748844375963047e-02	9.998337030410766602e-01
4.185483870967741660e-01	1.386748844375963047e-02	9.998302459716796875e-01
4.306451612903225978e-01	1.386748844375963047e-02	9.998198151588439941e-01
4.322580645161290258e-01	1.386748844375963047e-02	9.998189806938171387e-01
4.419354838709677602e-01	1.386748844375963047e-02	9.997990727424621582e-01
4.419354838709677602e-01	1.540832049306625588e-02	9.997982382774353027e-01
4.451612903225806717e-01	1.540832049306625588e-02	9.997895359992980957e-01
4.451612903225806717e-01	1.694915254237288130e-02	9.997869133949279785e-01
4.548387096774193505e-01	1.694915254237288130e-02	9.997776150703430176e-01
4.548387096774193505e-01	1.848998459167950845e-02	9.997773766517639160e-01
4.669354838709677269e-01	1.848998459167950845e-02	9.997604489326477051e-01
4.701612903225806384e-01	1.848998459167950845e-02	9.997571110725402832e-01
4.758064516129032473e-01	1.848998459167950845e-02	9.997517466545104980e-01
4.758064516129032473e-01	2.003081664098613213e-02	9.997500777244567871e-01
4.766129032258064613e-01	2.157164869029275928e-02	9.997494816780090332e-01
4.798387096774193727e-01	2.157164869029275928e-02	9.997449517250061035e-01
4.814516129032258007e-01	2.157164869029275928e-02	9.997443556785583496e-01
4.846774193548387122e-01	2.157164869029275928e-02	9.997362494468688965e-01
4.846774193548387122e-01	2.311248073959938296e-02	9.997354149818420410e-01
4.927419354838709631e-01	2.311248073959938296e-02	9.997189640998840332e-01
4.927419354838709631e-01	2.465331278890601011e-02	9.997137188911437988e-01
5.040322580645161255e-01	2.465331278890601011e-02	9.996948242187500000e-01
5.040322580645161255e-01	2.619414483821263379e-02	9.996932744979858398e-01
5.233870967741935942e-01	2.619414483821263379e-02	9.996429681777954102e-01
5.250000000000000222e-01	2.619414483821263379e-02	9.996427297592163086e-01
5.306451612903225756e-01	2.619414483821263379e-02	9.996256828308105469e-01
5.306451612903225756e-01	2.773497688751926094e-02	9.996235370635986328e-01
5.491935483870967749e-01	2.773497688751926094e-02	9.995545744895935059e-01
5.491935483870967749e-01	2.927580893682588462e-02	9.995494484901428223e-01
5.556451612903225978e-01	2.927580893682588462e-02	9.995141029357910156e-01
5.556451612903225978e-01	3.081664098613251176e-02	9.995133876800537109e-01
5.645161290322581182e-01	3.081664098613251176e-02	9.994416832923889160e-01
5.645161290322581182e-01	3.235747303543913544e-02	9.994384646415710449e-01
5.701612903225806717e-01	3.235747303543913544e-02	9.994180202484130859e-01
5.701612903225806717e-01	3.389830508474576259e-02	9.993990659713745117e-01
5.846774193548387455e-01	3.389830508474576259e-02	9.992821812629699707e-01
5.846774193548387455e-01	3.543913713405238974e-02	9.992814660072326660e-01
5.854838709677419040e-01	3.543913713405238974e-02	9.992794394493103027e-01
5.854838709677419040e-01	3.697996918335901689e-02	9.992727637290954590e-01
5.887096774193548709e-01	3.697996918335901689e-02	9.992547631263732910e-01
5.887096774193548709e-01	3.852080123266563710e-02	9.992533326148986816e-01
5.919354838709677269e-01	3.852080123266563710e-02	9.992409944534301758e-01
5.919354838709677269e-01	4.006163328197226425e-02	9.992386102676391602e-01
5.943548387096774244e-01	4.006163328197226425e-02	9.992241859436035156e-01
5.943548387096774244e-01	4.314329738058551855e-02	9.992129802703857422e-01
6.016129032258064058e-01	4.314329738058551855e-02	9.991428852081298828e-01
6.016129032258064058e-01	4.468412942989213876e-02	9.991387128829956055e-01
6.064516129032258007e-01	4.468412942989213876e-02	9.990946054458618164e-01
6.064516129032258007e-01	4.622496147919876591e-02	9.990900754928588867e-01
6.201612903225806051e-01	4.622496147919876591e-02	9.989618062973022461e-01
6.201612903225806051e-01	4.930662557781202021e-02	9.989570379257202148e-01
6.258064516129032695e-01	4.930662557781202021e-02	9.989217519760131836e-01
6.258064516129032695e-01	5.238828967642526757e-02	9.989138841629028320e-01
6.290322580645161255e-01	5.238828967642526757e-02	9.988619089126586914e-01
6.290322580645161255e-01	5.392912172573189472e-02	9.988271594047546387e-01
6.346774193548386789e-01	5.392912172573189472e-02	9.987574815750122070e-01
6.346774193548386789e-01	5.546995377503852187e-02	9.987561702728271484e-01
6.370967741935483764e-01	5.546995377503852187e-02	9.987155199050903320e-01
6.370967741935483764e-01	5.701078582434514902e-02	9.986830353736877441e-01
6.395161290322580738e-01	5.701078582434514902e-02	9.986574649810791016e-01
6.395161290322580738e-01	5.855161787365176923e-02	9.986503720283508301e-01
6.427419354838709298e-01	5.855161787365176923e-02	9.985994696617126465e-01
6.427419354838709298e-01	6.163328197226502353e-02	9.985829591751098633e-01
6.467741935483870552e-01	6.163328197226502353e-02	9.984801411628723145e-01
6.467741935483870552e-01	6.317411402157165068e-02	9.984783530235290527e-01
6.475806451612903247e-01	6.317411402157165068e-02	9.984768033027648926e-01
6.475806451612903247e-01	6.625577812018490498e-02	9.984581470489501953e-01
6.790322580645161699e-01	6.625577812018490498e-02	9.976208806037902832e-01
6.790322580645161699e-01	6.779661016949152519e-02	9.975984692573547363e-01
6.806451612903225978e-01	6.779661016949152519e-02	9.974494576454162598e-01
6.806451612903225978e-01	7.241910631741139970e-02	9.972388744354248047e-01
6.822580645161290258e-01	7.241910631741139970e-02	9.971922039985656738e-01
6.822580645161290258e-01	7.395993836671803379e-02	9.971840977668762207e-01
6.830645161290322953e-01	7.550077041602465400e-02	9.971768856048583984e-01
7.008064516129032251e-01	7.550077041602465400e-02	9.964660406112670898e-01
7.008064516129032251e-01	7.704160246533127421e-02	9.963835477828979492e-01
7.040322580645160810e-01	7.704160246533127421e-02	9.962759017944335938e-01
7.040322580645160810e-01	7.858243451463790830e-02	9.962376356124877930e-01
7.080645161290322065e-01	7.858243451463790830e-02	9.959616065025329590e-01
7.080645161290322065e-01	8.012326656394452851e-02	9.959554672241210938e-01
7.088709677419354760e-01	8.012326656394452851e-02	9.958732724189758301e-01
7.088709677419354760e-01	8.474576271186440302e-02	9.958407282829284668e-01
7.096774193548387455e-01	8.474576271186440302e-02	9.958183169364929199e-01
7.096774193548387455e-01	8.628659476117103710e-02	9.957951307296752930e-01
7.249999999999999778e-01	8.628659476117103710e-02	9.948961138725280762e-01
7.249999999999999778e-01	9.244992295839753182e-02	9.945588707923889160e-01
7.266129032258064058e-01	9.244992295839753182e-02	9.944947361946105957e-01
7.266129032258064058e-01	9.399075500770416591e-02	9.944863915443420410e-01
7.306451612903225312e-01	9.399075500770416591e-02	9.940183162689208984e-01
7.306451612903225312e-01	9.553158705701078612e-02	9.937825798988342285e-01
7.346774193548386567e-01	9.553158705701078612e-02	9.932212829589843750e-01
7.346774193548386567e-01	9.707241910631740633e-02	9.931694269180297852e-01
7.354838709677419262e-01	9.707241910631740633e-02	9.931606054306030273e-01
7.354838709677419262e-01	1.016949152542372947e-01	9.929960370063781738e-01
7.362903225806451957e-01	1.016949152542372947e-01	9.929499626159667969e-01
7.362903225806451957e-01	1.047765793528505351e-01	9.927644133567810059e-01
7.403225806451613211e-01	1.047765793528505351e-01	9.921073317527770996e-01
7.403225806451613211e-01	1.063174114021571692e-01	9.918658137321472168e-01
7.435483870967741771e-01	1.063174114021571692e-01	9.915891289710998535e-01
7.435483870967741771e-01	1.078582434514637894e-01	9.914340972900390625e-01
7.443548387096774466e-01	1.078582434514637894e-01	9.914235472679138184e-01
7.443548387096774466e-01	1.093990755007704097e-01	9.912584424018859863e-01
7.500000000000000000e-01	1.093990755007704097e-01	9.902867078781127930e-01
7.500000000000000000e-01	1.109399075500770437e-01	9.902864098548889160e-01
7.516129032258064280e-01	1.109399075500770437e-01	9.901883006095886230e-01
7.516129032258064280e-01	1.124807395993836640e-01	9.901783466339111328e-01
7.540322580645161255e-01	1.124807395993836640e-01	9.895194768905639648e-01
7.540322580645161255e-01	1.140215716486902980e-01	9.892888069152832031e-01
7.548387096774193949e-01	1.140215716486902980e-01	9.892588257789611816e-01
7.548387096774193949e-01	1.155624036979969183e-01	9.892020225524902344e-01
7.556451612903225534e-01	1.155624036979969183e-01	9.890022277832031250e-01
7.556451612903225534e-01	1.171032357473035385e-01	9.889657497406005859e-01
7.564516129032258229e-01	1.171032357473035385e-01	9.889006614685058594e-01
7.564516129032258229e-01	1.186440677966101725e-01	9.883910417556762695e-01
7.572580645161289814e-01	1.186440677966101725e-01	9.882353544235229492e-01
7.572580645161289814e-01	1.201848998459167928e-01	9.880799651145935059e-01
7.612903225806451069e-01	1.201848998459167928e-01	9.869111776351928711e-01
7.612903225806451069e-01	1.217257318952234268e-01	9.868336319923400879e-01
7.620967741935483764e-01	1.217257318952234268e-01	9.867169857025146484e-01
7.620967741935483764e-01	1.232665639445300471e-01	9.866783618927001953e-01
7.661290322580645018e-01	1.232665639445300471e-01	9.858890771865844727e-01
7.661290322580645018e-01	1.248073959938366673e-01	9.855387210845947266e-01
7.677419354838709298e-01	1.248073959938366673e-01	9.852002859115600586e-01
7.677419354838709298e-01	1.263482280431433014e-01	9.850849509239196777e-01
7.693548387096774688e-01	1.263482280431433014e-01	9.850720763206481934e-01
7.693548387096774688e-01	1.278890600924499354e-01	9.848356842994689941e-01
7.717741935483870552e-01	1.278890600924499354e-01	9.837373495101928711e-01
7.717741935483870552e-01	1.309707241910631759e-01	9.830505251884460449e-01
7.741935483870967527e-01	1.309707241910631759e-01	9.821332097053527832e-01
7.741935483870967527e-01	1.325115562403698100e-01	9.819129705429077148e-01
7.758064516129031807e-01	1.325115562403698100e-01	9.814421534538269043e-01
7.758064516129031807e-01	1.371340523882896845e-01	9.801388978958129883e-01
7.806451612903225756e-01	1.371340523882896845e-01	9.791762828826904297e-01
7.806451612903225756e-01	1.386748844375962908e-01	9.790767431259155273e-01
7.814516129032258451e-01	1.386748844375962908e-01	9.790723919868469238e-01
7.814516129032258451e-01	1.432973805855161653e-01	9.779844880104064941e-01
7.846774193548387011e-01	1.432973805855161653e-01	9.771511554718017578e-01
7.846774193548387011e-01	1.479198767334360676e-01	9.765575528144836426e-01
7.887096774193548265e-01	1.479198767334360676e-01	9.760317206382751465e-01
7.887096774193548265e-01	1.494607087827426739e-01	9.756750464439392090e-01
7.895161290322580960e-01	1.494607087827426739e-01	9.754292964935302734e-01
7.895161290322580960e-01	1.510015408320493080e-01	9.751739501953125000e-01
7.951612903225806495e-01	1.510015408320493080e-01	9.731135964393615723e-01
7.951612903225806495e-01	1.540832049306625484e-01	9.726895689964294434e-01
7.959677419354839190e-01	1.540832049306625484e-01	9.725429415702819824e-01
7.959677419354839190e-01	1.587057010785824229e-01	9.717146158218383789e-01
7.991935483870967749e-01	1.587057010785824229e-01	9.699836969375610352e-01
7.991935483870967749e-01	1.602465331278890570e-01	9.697204828262329102e-01
8.016129032258064724e-01	1.602465331278890570e-01	9.668704867362976074e-01
8.016129032258064724e-01	1.617873651771956911e-01	9.667912721633911133e-01
8.024193548387096309e-01	1.617873651771956911e-01	9.666791558265686035e-01
8.024193548387096309e-01	1.633281972265022974e-01	9.660425186157226562e-01
8.056451612903225978e-01	1.633281972265022974e-01	9.634306430816650391e-01
8.056451612903225978e-01	1.648690292758089315e-01	9.633171558380126953e-01
8.072580645161290258e-01	1.648690292758089315e-01	9.621384739875793457e-01
8.072580645161290258e-01	1.664098613251155656e-01	9.608983397483825684e-01
8.080645161290322953e-01	1.664098613251155656e-01	9.600550532341003418e-01
8.080645161290322953e-01	1.679506933744221997e-01	9.597032666206359863e-01
8.120967741935484208e-01	1.679506933744221997e-01	9.580168128013610840e-01
8.120967741935484208e-01	1.694915254237288060e-01	9.547573924064636230e-01
8.145161290322581182e-01	1.694915254237288060e-01	9.529716372489929199e-01
8.145161290322581182e-01	1.710323574730354401e-01	9.529432654380798340e-01
8.193548387096774022e-01	1.710323574730354401e-01	9.446365833282470703e-01
8.193548387096774022e-01	1.725731895223420742e-01	9.433690309524536133e-01
8.201612903225806717e-01	1.725731895223420742e-01	9.429858922958374023e-01
8.201612903225806717e-01	1.802773497688751891e-01	9.402910470962524414e-01
8.241935483870967971e-01	1.802773497688751891e-01	9.354355335235595703e-01
8.241935483870967971e-01	1.818181818181818232e-01	9.341284632682800293e-01
8.249999999999999556e-01	1.818181818181818232e-01	9.299975037574768066e-01
8.249999999999999556e-01	1.848998459167950636e-01	9.292927980422973633e-01
8.258064516129032251e-01	1.848998459167950636e-01	9.257498383522033691e-01
8.258064516129032251e-01	1.864406779661016977e-01	9.256560206413269043e-01
8.282258064516129226e-01	1.864406779661016977e-01	9.222257733345031738e-01
8.282258064516129226e-01	1.879815100154083318e-01	9.213079214096069336e-01
8.338709677419354760e-01	1.879815100154083318e-01	9.126460552215576172e-01
8.338709677419354760e-01	1.895223420647149382e-01	9.104642868041992188e-01
8.362903225806451735e-01	1.895223420647149382e-01	9.050799608230590820e-01
8.362903225806451735e-01	1.910631741140215722e-01	9.048797488212585449e-01
8.419354838709677269e-01	1.910631741140215722e-01	8.954604268074035645e-01
8.419354838709677269e-01	1.926040061633282063e-01	8.933961391448974609e-01
8.435483870967741549e-01	1.926040061633282063e-01	8.918315768241882324e-01
8.435483870967741549e-01	1.941448382126348127e-01	8.907638192176818848e-01
8.459677419354838523e-01	1.941448382126348127e-01	8.841112256050109863e-01
8.459677419354838523e-01	1.987673343605546872e-01	8.828532099723815918e-01
8.508064516129032473e-01	1.987673343605546872e-01	8.739702701568603516e-01
8.508064516129032473e-01	2.003081664098613213e-01	8.739272356033325195e-01
8.540322580645161032e-01	2.003081664098613213e-01	8.645326495170593262e-01
8.540322580645161032e-01	2.033898305084745894e-01	8.617310523986816406e-01
8.548387096774193727e-01	2.033898305084745894e-01	8.584030270576477051e-01
8.548387096774193727e-01	2.080123266563944640e-01	8.534306287765502930e-01
8.564516129032258007e-01	2.080123266563944640e-01	8.502916097640991211e-01
8.564516129032258007e-01	2.095531587057010703e-01	8.409660458564758301e-01
8.572580645161290702e-01	2.095531587057010703e-01	8.351122140884399414e-01
8.572580645161290702e-01	2.126348228043143385e-01	8.322294354438781738e-01
8.596774193548386567e-01	2.126348228043143385e-01	8.219057321548461914e-01
8.596774193548386567e-01	2.172573189522342130e-01	8.204546570777893066e-01
8.604838709677419262e-01	2.172573189522342130e-01	8.190057277679443359e-01
8.604838709677419262e-01	2.249614791987673279e-01	8.025023341178894043e-01
8.637096774193548931e-01	2.249614791987673279e-01	7.903316020965576172e-01
8.637096774193548931e-01	2.280431432973805961e-01	7.859405875205993652e-01
8.645161290322580516e-01	2.280431432973805961e-01	7.847976684570312500e-01
8.645161290322580516e-01	2.357473035439137110e-01	7.758032083511352539e-01
8.653225806451613211e-01	2.357473035439137110e-01	7.750021815299987793e-01
8.653225806451613211e-01	2.388289676425269514e-01	7.733364701271057129e-01
8.685483870967741771e-01	2.388289676425269514e-01	7.583273649215698242e-01
8.685483870967741771e-01	2.403697996918335855e-01	7.578522562980651855e-01
8.693548387096774466e-01	2.403697996918335855e-01	7.566108703613281250e-01
8.693548387096774466e-01	2.419106317411402196e-01	7.561718821525573730e-01
8.701612903225806051e-01	2.419106317411402196e-01	7.528880834579467773e-01
8.701612903225806051e-01	2.434514637904468537e-01	7.524327635765075684e-01
8.733870967741935720e-01	2.434514637904468537e-01	7.420322299003601074e-01
8.733870967741935720e-01	2.449922958397534600e-01	7.331820726394653320e-01
8.758064516129032695e-01	2.449922958397534600e-01	7.248055338859558105e-01
8.758064516129032695e-01	2.465331278890600941e-01	7.179102301597595215e-01
8.766129032258064280e-01	2.465331278890600941e-01	7.147050499916076660e-01
8.766129032258064280e-01	2.496147919876733345e-01	7.139838337898254395e-01
8.782258064516128560e-01	2.496147919876733345e-01	7.011013031005859375e-01
8.782258064516128560e-01	2.511556240369799964e-01	7.007501125335693359e-01
8.822580645161289814e-01	2.511556240369799964e-01	6.788098216056823730e-01
8.822580645161289814e-01	2.526964560862866027e-01	6.760046482086181641e-01
8.838709677419355204e-01	2.526964560862866027e-01	6.670850515365600586e-01
8.838709677419355204e-01	2.557781201848998709e-01	6.641745567321777344e-01
8.887096774193548043e-01	2.557781201848998709e-01	6.330472826957702637e-01
8.887096774193548043e-01	2.573189522342064772e-01	6.069767475128173828e-01
8.927419354838709298e-01	2.573189522342064772e-01	5.805882811546325684e-01
8.927419354838709298e-01	2.588597842835130836e-01	5.791496038436889648e-01
8.951612903225806273e-01	2.588597842835130836e-01	5.521864891052246094e-01
8.951612903225806273e-01	2.619414483821263517e-01	5.386338829994201660e-01
8.967741935483870552e-01	2.619414483821263517e-01	5.298645496368408203e-01
8.967741935483870552e-01	2.650231124807396199e-01	5.239427685737609863e-01
8.975806451612903247e-01	2.650231124807396199e-01	5.060755014419555664e-01
8.975806451612903247e-01	2.696456086286594944e-01	4.984040260314941406e-01
9.024193548387097197e-01	2.696456086286594944e-01	4.689962267875671387e-01
9.024193548387097197e-01	2.758089368258859753e-01	4.564740359783172607e-01
9.040322580645161477e-01	2.758089368258859753e-01	4.514655768871307373e-01
9.040322580645161477e-01	2.819722650231124561e-01	4.320702552795410156e-01
9.056451612903225756e-01	2.819722650231124561e-01	4.275056421756744385e-01
9.056451612903225756e-01	2.958397534668721351e-01	3.884193897247314453e-01
9.064516129032258451e-01	2.958397534668721351e-01	3.840974271297454834e-01
9.064516129032258451e-01	2.973805855161787415e-01	3.806187212467193604e-01
9.096774193548387011e-01	2.973805855161787415e-01	3.745787441730499268e-01
9.096774193548387011e-01	2.989214175654853478e-01	3.732494711875915527e-01
9.104838709677419706e-01	2.989214175654853478e-01	3.696971833705902100e-01
9.104838709677419706e-01	3.004622496147920097e-01	3.674177527427673340e-01
9.112903225806451291e-01	3.004622496147920097e-01	3.653680384159088135e-01
9.112903225806451291e-01	3.035439137134052223e-01	3.537693917751312256e-01
9.120967741935483986e-01	3.035439137134052223e-01	3.495962321758270264e-01
9.120967741935483986e-01	3.050847457627118842e-01	3.405910134315490723e-01
9.129032258064516681e-01	3.050847457627118842e-01	3.397156298160552979e-01
9.129032258064516681e-01	3.066255778120184905e-01	3.384948372840881348e-01
9.137096774193548265e-01	3.066255778120184905e-01	3.379420340061187744e-01
9.137096774193548265e-01	3.081664098613250968e-01	3.250634074211120605e-01
9.153225806451612545e-01	3.081664098613250968e-01	3.206496238708496094e-01
9.153225806451612545e-01	3.112480739599383650e-01	3.155741095542907715e-01
9.169354838709677935e-01	3.112480739599383650e-01	3.139771819114685059e-01
9.169354838709677935e-01	3.189522342064715077e-01	2.933882474899291992e-01
9.209677419354839190e-01	3.189522342064715077e-01	2.690483629703521729e-01
9.209677419354839190e-01	3.204930662557781140e-01	2.647678256034851074e-01
9.225806451612903469e-01	3.204930662557781140e-01	2.619490325450897217e-01
9.225806451612903469e-01	3.266563944530045949e-01	2.421450465917587280e-01
9.233870967741935054e-01	3.266563944530045949e-01	2.396873533725738525e-01
9.233870967741935054e-01	3.281972265023112567e-01	2.373072952032089233e-01
9.241935483870967749e-01	3.281972265023112567e-01	2.336062937974929810e-01
9.241935483870967749e-01	3.343605546995377376e-01	2.207212746143341064e-01
9.250000000000000444e-01	3.343605546995377376e-01	2.197172641754150391e-01
9.250000000000000444e-01	3.374422187981510057e-01	2.146930992603302002e-01
9.274193548387096309e-01	3.374422187981510057e-01	2.022105753421783447e-01
9.274193548387096309e-01	3.466872110939907548e-01	1.844130009412765503e-01
9.290322580645161699e-01	3.466872110939907548e-01	1.805271506309509277e-01
9.290322580645161699e-01	3.497688751926040229e-01	1.754882335662841797e-01
9.298387096774193283e-01	3.497688751926040229e-01	1.700613945722579956e-01
9.298387096774193283e-01	3.513097072419106293e-01	1.692286878824234009e-01
9.306451612903225978e-01	3.513097072419106293e-01	1.677599996328353882e-01
9.306451612903225978e-01	3.574730354391371101e-01	1.581974625587463379e-01
9.314516129032257563e-01	3.574730354391371101e-01	1.534367203712463379e-01
9.314516129032257563e-01	3.590138674884437719e-01	1.461308747529983521e-01
9.330645161290322953e-01	3.590138674884437719e-01	1.410267353057861328e-01
9.330645161290322953e-01	3.605546995377503783e-01	1.400528997182846069e-01
9.379032258064515792e-01	3.605546995377503783e-01	1.318355798721313477e-01
9.379032258064515792e-01	3.620955315870569846e-01	1.304826736450195312e-01
9.387096774193548487e-01	3.620955315870569846e-01	1.302203983068466187e-01
9.387096774193548487e-01	3.636363636363636465e-01	1.288305521011352539e-01
9.395161290322581182e-01	3.636363636363636465e-01	1.260570287704467773e-01
9.395161290322581182e-01	3.651771956856702528e-01	1.254567950963973999e-01
9.403225806451612767e-01	3.651771956856702528e-01	1.254387795925140381e-01
9.403225806451612767e-01	3.667180277349769146e-01	1.211012154817581177e-01
9.411290322580645462e-01	3.667180277349769146e-01	1.197433844208717346e-01
9.411290322580645462e-01	3.713405238828967891e-01	1.157758459448814392e-01
9.419354838709677047e-01	3.713405238828967891e-01	1.148976087570190430e-01
9.419354838709677047e-01	3.728813559322033955e-01	1.141951382160186768e-01
9.427419354838709742e-01	3.728813559322033955e-01	1.120515316724777222e-01
9.427419354838709742e-01	3.805855161787365382e-01	1.045605540275573730e-01
9.435483870967742437e-01	3.805855161787365382e-01	1.027784124016761780e-01
9.435483870967742437e-01	3.836671802773497508e-01	1.004491522908210754e-01
9.451612903225806717e-01	3.836671802773497508e-01	9.685743600130081177e-02
9.451612903225806717e-01	3.867488443759630190e-01	9.495110064744949341e-02
9.459677419354838301e-01	3.867488443759630190e-01	9.071553498506546021e-02
9.459677419354838301e-01	3.898305084745762872e-01	8.566271513700485229e-02
9.467741935483870996e-01	3.898305084745762872e-01	8.406076580286026001e-02
9.467741935483870996e-01	3.959938366718027680e-01	7.738076150417327881e-02
9.475806451612903691e-01	3.959938366718027680e-01	7.644064724445343018e-02
9.475806451612903691e-01	3.990755007704160362e-01	7.451581209897994995e-02
9.483870967741935276e-01	3.990755007704160362e-01	7.443752139806747437e-02
9.483870967741935276e-01	4.006163328197226425e-01	7.329317182302474976e-02
9.491935483870967971e-01	4.006163328197226425e-01	6.817237287759780884e-02
9.491935483870967971e-01	4.036979969183359107e-01	6.710968166589736938e-02
9.499999999999999556e-01	4.036979969183359107e-01	6.612522155046463013e-02
9.499999999999999556e-01	4.098613251155623916e-01	6.344515085220336914e-02
9.516129032258064946e-01	4.098613251155623916e-01	6.022546440362930298e-02
9.516129032258064946e-01	4.129429892141756597e-01	5.702625215053558350e-02
9.524193548387096531e-01	4.129429892141756597e-01	5.664050206542015076e-02
9.524193548387096531e-01	4.191063174114021406e-01	5.466157197952270508e-02
9.532258064516129226e-01	4.191063174114021406e-01	5.327001959085464478e-02
9.532258064516129226e-01	4.206471494607088024e-01	5.308434367179870605e-02
9.540322580645160810e-01	4.206471494607088024e-01	5.242788419127464294e-02
9.540322580645160810e-01	4.252696456086286769e-01	4.972387477755546570e-02
9.548387096774193505e-01	4.252696456086286769e-01	4.803603887557983398e-02
9.548387096774193505e-01	4.268104776579352833e-01	4.747817292809486389e-02
9.564516129032257785e-01	4.268104776579352833e-01	4.576796665787696838e-02
9.564516129032257785e-01	4.345146379044684259e-01	4.109429940581321716e-02
9.572580645161290480e-01	4.345146379044684259e-01	4.049760103225708008e-02
9.572580645161290480e-01	4.560862865947611922e-01	3.019203059375286102e-02
9.580645161290322065e-01	4.560862865947611922e-01	2.976403199136257172e-02
9.580645161290322065e-01	4.607087827426810667e-01	2.734405361115932465e-02
9.588709677419354760e-01	4.607087827426810667e-01	2.719923295080661774e-02
9.588709677419354760e-01	4.745762711864406902e-01	2.256769500672817230e-02
9.604838709677419040e-01	4.745762711864406902e-01	2.195384353399276733e-02
9.604838709677419040e-01	4.791987673343605647e-01	2.146510779857635498e-02
9.612903225806451735e-01	4.791987673343605647e-01	2.063731476664543152e-02
9.612903225806451735e-01	4.838212634822804392e-01	2.021612972021102905e-02
9.620967741935483319e-01	4.838212634822804392e-01	1.990772224962711334e-02
9.620967741935483319e-01	4.853620955315870455e-01	1.975931972265243530e-02
9.629032258064516014e-01	4.853620955315870455e-01	1.939009316265583038e-02
9.629032258064516014e-01	4.869029275808937074e-01	1.935508288443088531e-02
9.637096774193548709e-01	4.869029275808937074e-01	1.924072019755840302e-02
9.637096774193548709e-01	4.930662557781201882e-01	1.803699694573879242e-02
9.661290322580645684e-01	4.930662557781201882e-01	1.761169172823429108e-02
9.661290322580645684e-01	4.961479198767334564e-01	1.710560545325279236e-02
9.677419354838709964e-01	4.961479198767334564e-01	1.681999303400516510e-02
9.677419354838709964e-01	4.976887519260400627e-01	1.625786349177360535e-02
9.685483870967741549e-01	4.976887519260400627e-01	1.614718884229660034e-02
9.685483870967741549e-01	4.992295839753466691e-01	1.607298664748668671e-02
9.693548387096774244e-01	4.992295839753466691e-01	1.596464216709136963e-02
9.693548387096774244e-01	5.053929121725732054e-01	1.492968481034040451e-02
9.701612903225806939e-01	5.053929121725732054e-01	1.443361490964889526e-02
9.701612903225806939e-01	5.192604006163328290e-01	1.287045236676931381e-02
9.717741935483871218e-01	5.192604006163328290e-01	1.264118589460849762e-02
9.717741935483871218e-01	5.208012326656394908e-01	1.214077509939670563e-02
9.725806451612902803e-01	5.208012326656394908e-01	1.191694196313619614e-02
9.725806451612902803e-01	5.254237288135593653e-01	1.154924090951681137e-02
9.741935483870968193e-01	5.254237288135593653e-01	1.144117861986160278e-02
9.741935483870968193e-01	5.285053929121725780e-01	1.123181171715259552e-02
9.749999999999999778e-01	5.285053929121725780e-01	1.088187750428915024e-02
9.749999999999999778e-01	5.377503852080123270e-01	1.008420158177614212e-02
9.758064516129032473e-01	5.377503852080123270e-01	9.885771200060844421e-03
9.758064516129032473e-01	5.392912172573189888e-01	9.667358361184597015e-03
9.766129032258064058e-01	5.392912172573189888e-01	9.579266421496868134e-03
9.766129032258064058e-01	5.454545454545454142e-01	8.695927448570728302e-03
9.774193548387096753e-01	5.454545454545454142e-01	8.612396195530891418e-03
9.774193548387096753e-01	5.485362095531587379e-01	8.409796282649040222e-03
9.790322580645161032e-01	5.485362095531587379e-01	8.282252587378025055e-03
9.790322580645161032e-01	5.500770416024652887e-01	8.173103444278240204e-03
9.798387096774193727e-01	5.500770416024652887e-01	7.971341721713542938e-03
9.798387096774193727e-01	5.546995377503851632e-01	7.568819448351860046e-03
9.814516129032258007e-01	5.546995377503851632e-01	7.339681964367628098e-03
9.814516129032258007e-01	5.562403697996918250e-01	7.140006404370069504e-03
9.814516129032258007e-01	5.593220338983050377e-01	7.112257182598114014e-03
9.814516129032258007e-01	5.639445300462249122e-01	6.707112770527601242e-03
9.822580645161290702e-01	5.639445300462249122e-01	6.645234767347574234e-03
9.822580645161290702e-01	5.747303543913713231e-01	5.721359048038721085e-03
9.830645161290322287e-01	5.747303543913713231e-01	5.652506370097398758e-03
9.830645161290322287e-01	5.762711864406779849e-01	5.452953744679689407e-03
9.838709677419354982e-01	5.762711864406779849e-01	5.442066583782434464e-03
9.838709677419354982e-01	5.855161787365177339e-01	4.850493744015693665e-03
9.854838709677419262e-01	5.855161787365177339e-01	4.540689289569854736e-03
9.854838709677419262e-01	5.932203389830508211e-01	4.196140449494123459e-03
9.862903225806451957e-01	5.932203389830508211e-01	4.163756035268306732e-03
9.862903225806451957e-01	5.993836671802773575e-01	3.941426519304513931e-03
9.870967741935483541e-01	5.993836671802773575e-01	3.842514473944902420e-03
9.870967741935483541e-01	6.040061633281972320e-01	3.740432905033230782e-03
9.879032258064516236e-01	6.040061633281972320e-01	3.679183544591069221e-03
9.879032258064516236e-01	6.055469953775038938e-01	3.657978028059005737e-03
9.887096774193548931e-01	6.055469953775038938e-01	3.630219958722591400e-03
9.887096774193548931e-01	6.086286594761171065e-01	3.503074171021580696e-03
9.895161290322580516e-01	6.086286594761171065e-01	3.444836474955081940e-03
9.895161290322580516e-01	6.224961479198767300e-01	3.137323772534728050e-03
9.903225806451613211e-01	6.224961479198767300e-01	3.057140624150633812e-03
9.903225806451613211e-01	6.332819722650231409e-01	2.868026029318571091e-03
9.919354838709677491e-01	6.332819722650231409e-01	2.766204997897148132e-03
9.919354838709677491e-01	6.517719568567026389e-01	2.437988528981804848e-03
9.927419354838710186e-01	6.517719568567026389e-01	2.382843755185604095e-03
9.927419354838710186e-01	6.610169491525423879e-01	2.132444409653544426e-03
9.935483870967741771e-01	6.610169491525423879e-01	2.092875074595212936e-03
9.935483870967741771e-01	6.872110939907549731e-01	1.634578569792211056e-03
9.943548387096774466e-01	6.872110939907549731e-01	1.616003573872148991e-03
9.943548387096774466e-01	6.918335901386748477e-01	1.455894554965198040e-03
9.951612903225806051e-01	6.918335901386748477e-01	1.427493058145046234e-03
9.951612903225806051e-01	7.365177195685670419e-01	8.978661498986184597e-04
9.959677419354838745e-01	7.365177195685670419e-01	8.500462863594293594e-04
9.959677419354838745e-01	7.996918335901386232e-01	5.168431671336293221e-04
9.967741935483871440e-01	7.996918335901386232e-01	5.150277866050601006e-04
9.967741935483871440e-01	8.027734976887519469e-01	5.066395970061421394e-04
9.975806451612903025e-01	8.027734976887519469e-01	4.972762544639408588e-04
9.975806451612903025e-01	8.043143297380584977e-01	4.762779863085597754e-04
9.983870967741935720e-01	8.043143297380584977e-01	4.742565215565264225e-04
9.983870967741935720e-01	8.058551617873651596e-01	4.552586178760975599e-04
9.991935483870967305e-01	8.058551617873651596e-01	4.536931228358298540e-04
9.991935483870967305e-01	8.366718027734977303e-01	3.656730987131595612e-04
1.000000000000000000e+00	8.366718027734977303e-01	3.618846822064369917e-04
1.000000000000000000e+00	1.000000000000000000e+00	6.475935515481978655e-05
