# False Positive Rate (FPR)	True Positive Rate (TPR)	Thresholds
0.000000000000000000e+00	0.000000000000000000e+00	inf
8.064516129032258058e-04	0.000000000000000000e+00	9.985401630401611328e-01
2.419354838709677526e-03	0.000000000000000000e+00	9.985215067863464355e-01
4.032258064516128920e-03	0.000000000000000000e+00	9.985022544860839844e-01
7.016129032258064391e-02	0.000000000000000000e+00	9.981347322463989258e-01
7.016129032258064391e-02	1.540832049306625632e-03	9.981318116188049316e-01
1.145161290322580655e-01	1.540832049306625632e-03	9.979566335678100586e-01
1.145161290322580655e-01	3.081664098613251263e-03	9.979556798934936523e-01
1.161290322580645212e-01	3.081664098613251263e-03	9.979452490806579590e-01
1.177419354838709631e-01	3.081664098613251263e-03	9.979447722434997559e-01
1.370967741935483764e-01	3.081664098613251263e-03	9.978806972503662109e-01
1.370967741935483764e-01	4.622496147919877112e-03	9.978805780410766602e-01
1.661290322580645240e-01	4.622496147919877112e-03	9.977510571479797363e-01
1.661290322580645240e-01	6.163328197226502526e-03	9.977487921714782715e-01
2.032258064516128948e-01	6.163328197226502526e-03	9.975699782371520996e-01
2.048387096774193505e-01	6.163328197226502526e-03	9.975693821907043457e-01
2.669354838709677158e-01	6.163328197226502526e-03	9.971320629119873047e-01
2.685483870967741993e-01	6.163328197226502526e-03	9.971277117729187012e-01
3.209677419354838857e-01	6.163328197226502526e-03	9.967526793479919434e-01
3.209677419354838857e-01	7.704160246533127941e-03	9.967522621154785156e-01
3.467741935483871218e-01	7.704160246533127941e-03	9.965326786041259766e-01
3.483870967741935498e-01	7.704160246533127941e-03	9.965173006057739258e-01
3.532258064516128893e-01	7.704160246533127941e-03	9.964259266853332520e-01
3.548387096774193727e-01	7.704160246533127941e-03	9.964248538017272949e-01
3.725806451612903025e-01	7.704160246533127941e-03	9.962725639343261719e-01
3.725806451612903025e-01	9.244992295839754223e-03	9.962646365165710449e-01
4.056451612903225756e-01	9.244992295839754223e-03	9.958484172821044922e-01
4.056451612903225756e-01	1.078582434514637964e-02	9.958439469337463379e-01
4.096774193548387011e-01	1.078582434514637964e-02	9.957380294799804688e-01
4.104838709677419151e-01	1.232665639445300505e-02	9.956982135772705078e-01
4.274193548387096864e-01	1.232665639445300505e-02	9.954708814620971680e-01
4.274193548387096864e-01	1.386748844375963047e-02	9.954284429550170898e-01
4.346774193548387233e-01	1.386748844375963047e-02	9.953799247741699219e-01
4.346774193548387233e-01	1.540832049306625588e-02	9.953605532646179199e-01
4.370967741935483653e-01	1.540832049306625588e-02	9.953197836875915527e-01
4.370967741935483653e-01	1.694915254237288130e-02	9.953055977821350098e-01
4.451612903225806717e-01	1.694915254237288130e-02	9.952265024185180664e-01
4.451612903225806717e-01	1.848998459167950845e-02	9.952243566513061523e-01
4.540322580645161366e-01	1.848998459167950845e-02	9.951190948486328125e-01
4.540322580645161366e-01	2.157164869029275928e-02	9.950625300407409668e-01
4.911290322580645351e-01	2.157164869029275928e-02	9.942889213562011719e-01
4.911290322580645351e-01	2.465331278890601011e-02	9.942611455917358398e-01
5.080645161290322509e-01	2.465331278890601011e-02	9.937783479690551758e-01
5.080645161290322509e-01	2.619414483821263379e-02	9.937752485275268555e-01
5.209677419354838968e-01	2.619414483821263379e-02	9.933584332466125488e-01
5.209677419354838968e-01	2.773497688751926094e-02	9.932752847671508789e-01
5.290322580645161477e-01	2.773497688751926094e-02	9.931208491325378418e-01
5.290322580645161477e-01	2.927580893682588462e-02	9.931188821792602539e-01
5.354838709677419706e-01	2.927580893682588462e-02	9.928638339042663574e-01
5.354838709677419706e-01	3.081664098613251176e-02	9.928628802299499512e-01
5.419354838709677935e-01	3.081664098613251176e-02	9.926363229751586914e-01
5.419354838709677935e-01	3.235747303543913544e-02	9.925918579101562500e-01
5.508064516129032029e-01	3.235747303543913544e-02	9.920163154602050781e-01
5.508064516129032029e-01	3.389830508474576259e-02	9.919760823249816895e-01
5.524193548387096309e-01	3.389830508474576259e-02	9.918984174728393555e-01
5.524193548387096309e-01	3.543913713405238974e-02	9.918928146362304688e-01
5.540322580645161699e-01	3.543913713405238974e-02	9.917854666709899902e-01
5.540322580645161699e-01	3.697996918335901689e-02	9.917466640472412109e-01
5.637096774193548487e-01	3.697996918335901689e-02	9.911860823631286621e-01
5.637096774193548487e-01	3.852080123266563710e-02	9.911221265792846680e-01
5.766129032258064946e-01	3.852080123266563710e-02	9.905706644058227539e-01
5.766129032258064946e-01	4.160246533127889140e-02	9.903704524040222168e-01
5.782258064516129226e-01	4.160246533127889140e-02	9.901759028434753418e-01
5.782258064516129226e-01	4.314329738058551855e-02	9.901004433631896973e-01
5.838709677419354760e-01	4.314329738058551855e-02	9.895856976509094238e-01
5.838709677419354760e-01	4.468412942989213876e-02	9.895479679107666016e-01
5.862903225806451735e-01	4.468412942989213876e-02	9.894854426383972168e-01
5.879032258064516014e-01	4.468412942989213876e-02	9.894603490829467773e-01
5.903225806451612989e-01	4.468412942989213876e-02	9.893137812614440918e-01
5.903225806451612989e-01	4.622496147919876591e-02	9.892676472663879395e-01
5.975806451612902803e-01	4.622496147919876591e-02	9.885926246643066406e-01
5.975806451612902803e-01	4.776579352850539306e-02	9.885614514350891113e-01
5.991935483870968193e-01	4.776579352850539306e-02	9.885414838790893555e-01
5.991935483870968193e-01	4.930662557781202021e-02	9.884719848632812500e-01
6.032258064516129448e-01	4.930662557781202021e-02	9.881459474563598633e-01
6.032258064516129448e-01	5.084745762711864736e-02	9.881263971328735352e-01
6.040322580645161032e-01	5.084745762711864736e-02	9.880649447441101074e-01
6.040322580645161032e-01	5.238828967642526757e-02	9.880515336990356445e-01
6.064516129032258007e-01	5.238828967642526757e-02	9.877647757530212402e-01
6.064516129032258007e-01	5.392912172573189472e-02	9.876894950866699219e-01
6.153225806451613211e-01	5.392912172573189472e-02	9.871864318847656250e-01
6.153225806451613211e-01	5.546995377503852187e-02	9.871835708618164062e-01
6.193548387096774466e-01	5.546995377503852187e-02	9.865685701370239258e-01
6.193548387096774466e-01	5.701078582434514902e-02	9.865380525588989258e-01
6.314516129032258229e-01	5.701078582434514902e-02	9.856705069541931152e-01
6.314516129032258229e-01	5.855161787365176923e-02	9.856470227241516113e-01
6.354838709677419484e-01	5.855161787365176923e-02	9.849836230278015137e-01
6.354838709677419484e-01	6.163328197226502353e-02	9.848559498786926270e-01
6.370967741935483764e-01	6.163328197226502353e-02	9.846501946449279785e-01
6.370967741935483764e-01	6.317411402157165068e-02	9.845666289329528809e-01
6.411290322580645018e-01	6.317411402157165068e-02	9.836803674697875977e-01
6.411290322580645018e-01	6.471494607087827089e-02	9.835919141769409180e-01
6.483870967741935942e-01	6.471494607087827089e-02	9.830237030982971191e-01
6.483870967741935942e-01	6.625577812018490498e-02	9.829151630401611328e-01
6.491935483870967527e-01	6.625577812018490498e-02	9.828782081604003906e-01
6.491935483870967527e-01	6.779661016949152519e-02	9.826814532279968262e-01
6.524193548387097197e-01	6.779661016949152519e-02	9.824858903884887695e-01
6.524193548387097197e-01	6.933744221879814540e-02	9.824239611625671387e-01
6.572580645161290036e-01	6.933744221879814540e-02	9.815819263458251953e-01
6.572580645161290036e-01	7.087827426810477949e-02	9.814544320106506348e-01
6.580645161290322731e-01	7.087827426810477949e-02	9.812355041503906250e-01
6.580645161290322731e-01	7.550077041602465400e-02	9.807549715042114258e-01
6.588709677419354316e-01	7.550077041602465400e-02	9.807461500167846680e-01
6.588709677419354316e-01	7.704160246533127421e-02	9.804362654685974121e-01
6.596774193548387011e-01	7.704160246533127421e-02	9.803858995437622070e-01
6.596774193548387011e-01	8.012326656394452851e-02	9.803337454795837402e-01
6.669354838709677935e-01	8.012326656394452851e-02	9.791042804718017578e-01
6.669354838709677935e-01	8.166409861325114872e-02	9.788184165954589844e-01
6.685483870967742215e-01	8.166409861325114872e-02	9.783412218093872070e-01
6.685483870967742215e-01	8.320493066255778281e-02	9.783202409744262695e-01
6.701612903225806495e-01	8.320493066255778281e-02	9.781889319419860840e-01
6.701612903225806495e-01	8.474576271186440302e-02	9.780806899070739746e-01
6.709677419354839190e-01	8.474576271186440302e-02	9.779918789863586426e-01
6.709677419354839190e-01	8.628659476117103710e-02	9.779338240623474121e-01
6.806451612903225978e-01	8.628659476117103710e-02	9.763208031654357910e-01
6.806451612903225978e-01	8.782742681047765732e-02	9.762267470359802246e-01
6.838709677419354538e-01	8.782742681047765732e-02	9.754695296287536621e-01
6.838709677419354538e-01	9.090909090909091161e-02	9.752250313758850098e-01
6.846774193548387233e-01	9.090909090909091161e-02	9.751024842262268066e-01
6.846774193548387233e-01	9.399075500770416591e-02	9.748992323875427246e-01
7.024193548387096531e-01	9.399075500770416591e-02	9.689887166023254395e-01
7.024193548387096531e-01	9.553158705701078612e-02	9.683767557144165039e-01
7.048387096774193505e-01	9.553158705701078612e-02	9.678998589515686035e-01
7.048387096774193505e-01	9.707241910631740633e-02	9.678881168365478516e-01
7.072580645161290480e-01	9.707241910631740633e-02	9.676694869995117188e-01
7.072580645161290480e-01	9.861325115562404042e-02	9.674882888793945312e-01
7.112903225806451735e-01	9.861325115562404042e-02	9.666833281517028809e-01
7.112903225806451735e-01	1.001540832049306606e-01	9.665808081626892090e-01
7.120967741935483319e-01	1.001540832049306606e-01	9.663087129592895508e-01
7.120967741935483319e-01	1.032357473035439149e-01	9.653239250183105469e-01
7.137096774193548709e-01	1.032357473035439149e-01	9.649170637130737305e-01
7.137096774193548709e-01	1.047765793528505351e-01	9.648888707160949707e-01
7.161290322580645684e-01	1.047765793528505351e-01	9.644998311996459961e-01
7.161290322580645684e-01	1.063174114021571692e-01	9.642062783241271973e-01
7.217741935483871218e-01	1.063174114021571692e-01	9.629295468330383301e-01
7.217741935483871218e-01	1.078582434514637894e-01	9.623231887817382812e-01
7.225806451612902803e-01	1.078582434514637894e-01	9.621070027351379395e-01
7.225806451612902803e-01	1.093990755007704097e-01	9.620915651321411133e-01
7.241935483870968193e-01	1.093990755007704097e-01	9.613075256347656250e-01
7.241935483870968193e-01	1.140215716486902980e-01	9.606287479400634766e-01
7.274193548387096753e-01	1.140215716486902980e-01	9.580363035202026367e-01
7.274193548387096753e-01	1.171032357473035385e-01	9.573563337326049805e-01
7.298387096774193727e-01	1.171032357473035385e-01	9.568413496017456055e-01
7.298387096774193727e-01	1.186440677966101725e-01	9.566352367401123047e-01
7.338709677419354982e-01	1.186440677966101725e-01	9.556392431259155273e-01
7.338709677419354982e-01	1.201848998459167928e-01	9.545226097106933594e-01
7.346774193548386567e-01	1.201848998459167928e-01	9.544028043746948242e-01
7.346774193548386567e-01	1.217257318952234268e-01	9.537292122840881348e-01
7.387096774193548931e-01	1.217257318952234268e-01	9.517252445220947266e-01
7.387096774193548931e-01	1.232665639445300471e-01	9.516122937202453613e-01
7.403225806451613211e-01	1.232665639445300471e-01	9.495177865028381348e-01
7.403225806451613211e-01	1.248073959938366673e-01	9.494804739952087402e-01
7.419354838709677491e-01	1.248073959938366673e-01	9.492021203041076660e-01
7.419354838709677491e-01	1.263482280431433014e-01	9.491981267929077148e-01
7.467741935483871440e-01	1.263482280431433014e-01	9.471513628959655762e-01
7.467741935483871440e-01	1.278890600924499354e-01	9.461018443107604980e-01
7.491935483870967305e-01	1.278890600924499354e-01	9.455330967903137207e-01
7.491935483870967305e-01	1.294298921417565418e-01	9.448983073234558105e-01
7.516129032258064280e-01	1.294298921417565418e-01	9.442468881607055664e-01
7.516129032258064280e-01	1.309707241910631759e-01	9.428505301475524902e-01
7.540322580645161255e-01	1.309707241910631759e-01	9.407474994659423828e-01
7.540322580645161255e-01	1.325115562403698100e-01	9.399923086166381836e-01
7.564516129032258229e-01	1.325115562403698100e-01	9.388057589530944824e-01
7.564516129032258229e-01	1.355932203389830504e-01	9.383085370063781738e-01
7.580645161290322509e-01	1.355932203389830504e-01	9.371747374534606934e-01
7.580645161290322509e-01	1.371340523882896845e-01	9.366543292999267578e-01
7.620967741935483764e-01	1.371340523882896845e-01	9.355068802833557129e-01
7.620967741935483764e-01	1.386748844375962908e-01	9.355019927024841309e-01
7.629032258064516459e-01	1.386748844375962908e-01	9.351035356521606445e-01
7.629032258064516459e-01	1.402157164869029249e-01	9.345962405204772949e-01
7.637096774193548043e-01	1.402157164869029249e-01	9.341623783111572266e-01
7.637096774193548043e-01	1.417565485362095590e-01	9.336249232292175293e-01
7.677419354838709298e-01	1.417565485362095590e-01	9.300227165222167969e-01
7.677419354838709298e-01	1.432973805855161653e-01	9.291694760322570801e-01
7.733870967741935942e-01	1.432973805855161653e-01	9.236864447593688965e-01
7.733870967741935942e-01	1.463790446841294335e-01	9.233872890472412109e-01
7.741935483870967527e-01	1.463790446841294335e-01	9.222445487976074219e-01
7.741935483870967527e-01	1.479198767334360676e-01	9.216351509094238281e-01
7.798387096774193061e-01	1.479198767334360676e-01	9.177456498146057129e-01
7.798387096774193061e-01	1.494607087827426739e-01	9.169052243232727051e-01
7.806451612903225756e-01	1.494607087827426739e-01	9.162065982818603516e-01
7.806451612903225756e-01	1.510015408320493080e-01	9.154068231582641602e-01
7.814516129032258451e-01	1.510015408320493080e-01	9.148889780044555664e-01
7.814516129032258451e-01	1.571648690292758166e-01	9.117924571037292480e-01
7.822580645161290036e-01	1.571648690292758166e-01	9.100081324577331543e-01
7.822580645161290036e-01	1.587057010785824229e-01	9.099197983741760254e-01
7.846774193548387011e-01	1.587057010785824229e-01	9.081262350082397461e-01
7.846774193548387011e-01	1.617873651771956911e-01	9.067835807800292969e-01
7.887096774193548265e-01	1.617873651771956911e-01	8.995426893234252930e-01
7.887096774193548265e-01	1.648690292758089315e-01	8.989372253417968750e-01
7.919354838709677935e-01	1.648690292758089315e-01	8.938159346580505371e-01
7.919354838709677935e-01	1.664098613251155656e-01	8.919031023979187012e-01
7.935483870967742215e-01	1.664098613251155656e-01	8.906497955322265625e-01
7.935483870967742215e-01	1.694915254237288060e-01	8.895292878150939941e-01
7.951612903225806495e-01	1.694915254237288060e-01	8.861002922058105469e-01
7.951612903225806495e-01	1.741140215716486805e-01	8.839681744575500488e-01
7.975806451612903469e-01	1.741140215716486805e-01	8.835983276367187500e-01
7.975806451612903469e-01	1.818181818181818232e-01	8.803388476371765137e-01
8.016129032258064724e-01	1.818181818181818232e-01	8.758792877197265625e-01
8.016129032258064724e-01	1.833590138674884573e-01	8.745419383049011230e-01
8.032258064516129004e-01	1.833590138674884573e-01	8.720322251319885254e-01
8.032258064516129004e-01	1.848998459167950636e-01	8.719757199287414551e-01
8.040322580645161699e-01	1.848998459167950636e-01	8.663501143455505371e-01
8.040322580645161699e-01	1.879815100154083318e-01	8.638911843299865723e-01
8.048387096774193283e-01	1.879815100154083318e-01	8.625697493553161621e-01
8.048387096774193283e-01	1.895223420647149382e-01	8.613848686218261719e-01
8.088709677419354538e-01	1.895223420647149382e-01	8.591738939285278320e-01
8.088709677419354538e-01	1.926040061633282063e-01	8.555554151535034180e-01
8.120967741935484208e-01	1.926040061633282063e-01	8.538356423377990723e-01
8.120967741935484208e-01	1.941448382126348127e-01	8.527081012725830078e-01
8.129032258064515792e-01	1.941448382126348127e-01	8.521988391876220703e-01
8.129032258064515792e-01	1.956856702619414468e-01	8.513959050178527832e-01
8.137096774193548487e-01	1.956856702619414468e-01	8.509809970855712891e-01
8.137096774193548487e-01	1.972265023112480808e-01	8.503903746604919434e-01
8.153225806451612767e-01	1.972265023112480808e-01	8.490107059478759766e-01
8.153225806451612767e-01	1.987673343605546872e-01	8.477475047111511230e-01
8.185483870967742437e-01	1.987673343605546872e-01	8.411701321601867676e-01
8.185483870967742437e-01	2.018489984591679554e-01	8.392891883850097656e-01
8.193548387096774022e-01	2.018489984591679554e-01	8.367143869400024414e-01
8.193548387096774022e-01	2.049306625577811958e-01	8.352508544921875000e-01
8.201612903225806717e-01	2.049306625577811958e-01	8.337134718894958496e-01
8.201612903225806717e-01	2.064714946070878299e-01	8.299361467361450195e-01
8.209677419354838301e-01	2.064714946070878299e-01	8.287643790245056152e-01
8.209677419354838301e-01	2.080123266563944640e-01	8.282837867736816406e-01
8.217741935483870996e-01	2.080123266563944640e-01	8.280666470527648926e-01
8.217741935483870996e-01	2.095531587057010703e-01	8.264317512512207031e-01
8.233870967741935276e-01	2.095531587057010703e-01	8.249782919883728027e-01
8.233870967741935276e-01	2.110939907550077044e-01	8.249362707138061523e-01
8.298387096774193505e-01	2.110939907550077044e-01	8.170318603515625000e-01
8.298387096774193505e-01	2.126348228043143385e-01	8.168374896049499512e-01
8.314516129032257785e-01	2.126348228043143385e-01	8.159199357032775879e-01
8.314516129032257785e-01	2.141756548536209448e-01	8.150902986526489258e-01
8.354838709677419040e-01	2.141756548536209448e-01	8.068315386772155762e-01
8.354838709677419040e-01	2.157164869029275789e-01	8.065570592880249023e-01
8.403225806451612989e-01	2.157164869029275789e-01	8.035506010055541992e-01
8.403225806451612989e-01	2.187981510015408193e-01	7.956367731094360352e-01
8.411290322580645684e-01	2.187981510015408193e-01	7.953969836235046387e-01
8.411290322580645684e-01	2.203389830508474534e-01	7.941989898681640625e-01
8.443548387096774244e-01	2.203389830508474534e-01	7.853385806083679199e-01
8.443548387096774244e-01	2.234206471494607216e-01	7.803762555122375488e-01
8.467741935483871218e-01	2.234206471494607216e-01	7.768010497093200684e-01
8.467741935483871218e-01	2.249614791987673279e-01	7.752866148948669434e-01
8.475806451612902803e-01	2.249614791987673279e-01	7.735633850097656250e-01
8.475806451612902803e-01	2.265023112480739620e-01	7.733996510505676270e-01
8.516129032258064058e-01	2.265023112480739620e-01	7.638274431228637695e-01
8.516129032258064058e-01	2.280431432973805961e-01	7.630875706672668457e-01
8.540322580645161032e-01	2.280431432973805961e-01	7.586731314659118652e-01
8.540322580645161032e-01	2.295839753466872024e-01	7.548029422760009766e-01
8.548387096774193727e-01	2.295839753466872024e-01	7.547484636306762695e-01
8.548387096774193727e-01	2.311248073959938365e-01	7.544834613800048828e-01
8.556451612903225312e-01	2.311248073959938365e-01	7.530275583267211914e-01
8.556451612903225312e-01	2.326656394453004706e-01	7.528294324874877930e-01
8.580645161290322287e-01	2.326656394453004706e-01	7.437123060226440430e-01
8.580645161290322287e-01	2.342064714946070769e-01	7.387411594390869141e-01
8.596774193548386567e-01	2.342064714946070769e-01	7.369179129600524902e-01
8.596774193548386567e-01	2.357473035439137110e-01	7.346131801605224609e-01
8.604838709677419262e-01	2.357473035439137110e-01	7.336648702621459961e-01
8.604838709677419262e-01	2.434514637904468537e-01	7.243756055831909180e-01
8.620967741935483541e-01	2.434514637904468537e-01	7.229301333427429199e-01
8.620967741935483541e-01	2.449922958397534600e-01	7.219513058662414551e-01
8.653225806451613211e-01	2.449922958397534600e-01	7.139862179756164551e-01
8.653225806451613211e-01	2.465331278890600941e-01	7.135604619979858398e-01
8.717741935483871440e-01	2.465331278890600941e-01	6.989668011665344238e-01
8.717741935483871440e-01	2.542372881355932090e-01	6.875479221343994141e-01
8.725806451612903025e-01	2.542372881355932090e-01	6.858856081962585449e-01
8.725806451612903025e-01	2.557781201848998709e-01	6.848825812339782715e-01
8.741935483870967305e-01	2.557781201848998709e-01	6.793265342712402344e-01
8.741935483870967305e-01	2.573189522342064772e-01	6.783258914947509766e-01
8.758064516129032695e-01	2.573189522342064772e-01	6.733058691024780273e-01
8.758064516129032695e-01	2.588597842835130836e-01	6.709386110305786133e-01
8.806451612903225534e-01	2.588597842835130836e-01	6.558716893196105957e-01
8.806451612903225534e-01	2.634822804314329581e-01	6.514256000518798828e-01
8.814516129032258229e-01	2.634822804314329581e-01	6.511978507041931152e-01
8.814516129032258229e-01	2.681047765793528326e-01	6.405371427536010742e-01
8.822580645161289814e-01	2.681047765793528326e-01	6.397277116775512695e-01
8.822580645161289814e-01	2.727272727272727071e-01	6.321571469306945801e-01
8.854838709677419484e-01	2.727272727272727071e-01	6.240611672401428223e-01
8.854838709677419484e-01	2.742681047765793689e-01	6.219483613967895508e-01
8.879032258064516459e-01	2.742681047765793689e-01	6.115276813507080078e-01
8.879032258064516459e-01	2.758089368258859753e-01	6.111147999763488770e-01
8.895161290322580738e-01	2.758089368258859753e-01	5.995293259620666504e-01
8.895161290322580738e-01	2.788906009244992434e-01	5.890027284622192383e-01
8.919354838709677713e-01	2.788906009244992434e-01	5.802419781684875488e-01
8.919354838709677713e-01	2.804314329738058498e-01	5.612099170684814453e-01
8.943548387096774688e-01	2.804314329738058498e-01	5.572357773780822754e-01
8.943548387096774688e-01	2.819722650231124561e-01	5.353855490684509277e-01
8.951612903225806273e-01	2.819722650231124561e-01	5.339734554290771484e-01
8.951612903225806273e-01	2.835130970724191179e-01	5.328413844108581543e-01
8.967741935483870552e-01	2.835130970724191179e-01	5.272553563117980957e-01
8.967741935483870552e-01	2.865947611710323306e-01	5.254887342453002930e-01
8.975806451612903247e-01	2.865947611710323306e-01	5.249921083450317383e-01
8.975806451612903247e-01	2.896764252696455988e-01	5.229337215423583984e-01
9.024193548387097197e-01	2.896764252696455988e-01	4.927532076835632324e-01
9.024193548387097197e-01	2.927580893682588670e-01	4.866895675659179688e-01
9.032258064516128782e-01	2.927580893682588670e-01	4.865962266921997070e-01
9.032258064516128782e-01	3.004622496147920097e-01	4.626086950302124023e-01
9.040322580645161477e-01	3.004622496147920097e-01	4.615329205989837646e-01
9.040322580645161477e-01	3.035439137134052223e-01	4.598458707332611084e-01
9.056451612903225756e-01	3.035439137134052223e-01	4.514575600624084473e-01
9.056451612903225756e-01	3.066255778120184905e-01	4.473023116588592529e-01
9.064516129032258451e-01	3.066255778120184905e-01	4.454981982707977295e-01
9.064516129032258451e-01	3.081664098613250968e-01	4.446310400962829590e-01
9.080645161290322731e-01	3.081664098613250968e-01	4.402897655963897705e-01
9.080645161290322731e-01	3.097072419106317587e-01	4.401455223560333252e-01
9.088709677419354316e-01	3.097072419106317587e-01	4.386417567729949951e-01
9.088709677419354316e-01	3.112480739599383650e-01	4.368969500064849854e-01
9.096774193548387011e-01	3.112480739599383650e-01	4.303145110607147217e-01
9.096774193548387011e-01	3.158705701078582395e-01	4.218447804450988770e-01
9.104838709677419706e-01	3.158705701078582395e-01	4.214047193527221680e-01
9.104838709677419706e-01	3.220338983050847204e-01	4.012081921100616455e-01
9.120967741935483986e-01	3.220338983050847204e-01	3.974796831607818604e-01
9.120967741935483986e-01	3.251155624036979885e-01	3.838757872581481934e-01
9.137096774193548265e-01	3.251155624036979885e-01	3.764623999595642090e-01
9.137096774193548265e-01	3.266563944530045949e-01	3.713091015815734863e-01
9.161290322580645240e-01	3.266563944530045949e-01	3.548944294452667236e-01
9.161290322580645240e-01	3.328197226502311312e-01	3.433907628059387207e-01
9.169354838709677935e-01	3.328197226502311312e-01	3.413531184196472168e-01
9.169354838709677935e-01	3.343605546995377376e-01	3.403407335281372070e-01
9.177419354838709520e-01	3.343605546995377376e-01	3.390813767910003662e-01
9.177419354838709520e-01	3.405238828967642739e-01	3.354933261871337891e-01
9.185483870967742215e-01	3.405238828967642739e-01	3.327680230140686035e-01
9.185483870967742215e-01	3.436055469953774866e-01	3.275195956230163574e-01
9.193548387096773800e-01	3.436055469953774866e-01	3.271094858646392822e-01
9.193548387096773800e-01	3.466872110939907548e-01	3.247617781162261963e-01
9.201612903225806495e-01	3.466872110939907548e-01	3.147577643394470215e-01
9.201612903225806495e-01	3.482280431432973611e-01	3.036088943481445312e-01
9.209677419354839190e-01	3.482280431432973611e-01	3.004418909549713135e-01
9.209677419354839190e-01	3.497688751926040229e-01	2.992040514945983887e-01
9.233870967741935054e-01	3.497688751926040229e-01	2.919948697090148926e-01
9.233870967741935054e-01	3.559322033898305038e-01	2.874370813369750977e-01
9.241935483870967749e-01	3.559322033898305038e-01	2.870923876762390137e-01
9.241935483870967749e-01	3.590138674884437719e-01	2.827368080615997314e-01
9.250000000000000444e-01	3.590138674884437719e-01	2.819291651248931885e-01
9.250000000000000444e-01	3.620955315870569846e-01	2.763077616691589355e-01
9.282258064516129004e-01	3.620955315870569846e-01	2.667143344879150391e-01
9.282258064516129004e-01	3.697996918335901273e-01	2.576711475849151611e-01
9.306451612903225978e-01	3.697996918335901273e-01	2.381800264120101929e-01
9.306451612903225978e-01	3.713405238828967891e-01	2.379664629697799683e-01
9.346774193548387233e-01	3.713405238828967891e-01	2.303812354803085327e-01
9.346774193548387233e-01	3.759630200308166637e-01	2.247095853090286255e-01
9.362903225806451513e-01	3.759630200308166637e-01	2.205528169870376587e-01
9.362903225806451513e-01	3.790446841294298763e-01	2.197168022394180298e-01
9.370967741935484208e-01	3.790446841294298763e-01	2.180586904287338257e-01
9.370967741935484208e-01	3.867488443759630190e-01	1.982038915157318115e-01
9.379032258064515792e-01	3.867488443759630190e-01	1.972067058086395264e-01
9.379032258064515792e-01	3.975346687211093744e-01	1.883038282394409180e-01
9.395161290322581182e-01	3.975346687211093744e-01	1.872830986976623535e-01
9.395161290322581182e-01	4.083204930662557852e-01	1.772078871726989746e-01
9.411290322580645462e-01	4.083204930662557852e-01	1.743376553058624268e-01
9.411290322580645462e-01	4.114021571648690534e-01	1.712159216403961182e-01
9.419354838709677047e-01	4.114021571648690534e-01	1.699516028165817261e-01
9.419354838709677047e-01	4.206471494607088024e-01	1.634851098060607910e-01
9.427419354838709742e-01	4.206471494607088024e-01	1.630198955535888672e-01
9.427419354838709742e-01	4.252696456086286769e-01	1.583148986101150513e-01
9.443548387096774022e-01	4.252696456086286769e-01	1.558901518583297729e-01
9.443548387096774022e-01	4.268104776579352833e-01	1.553013771772384644e-01
9.451612903225806717e-01	4.268104776579352833e-01	1.551229208707809448e-01
9.451612903225806717e-01	4.329738058551617641e-01	1.541183292865753174e-01
9.459677419354838301e-01	4.329738058551617641e-01	1.516480594873428345e-01
9.459677419354838301e-01	4.345146379044684259e-01	1.514343917369842529e-01
9.467741935483870996e-01	4.345146379044684259e-01	1.512093544006347656e-01
9.467741935483870996e-01	4.391371340523883005e-01	1.500142961740493774e-01
9.475806451612903691e-01	4.391371340523883005e-01	1.491905450820922852e-01
9.475806451612903691e-01	4.406779661016949068e-01	1.490388661623001099e-01
9.483870967741935276e-01	4.406779661016949068e-01	1.484510302543640137e-01
9.483870967741935276e-01	4.422187981510015131e-01	1.448790431022644043e-01
9.491935483870967971e-01	4.422187981510015131e-01	1.446817964315414429e-01
9.491935483870967971e-01	4.437596302003081750e-01	1.409486681222915649e-01
9.499999999999999556e-01	4.437596302003081750e-01	1.398401260375976562e-01
9.499999999999999556e-01	4.453004622496147813e-01	1.374501883983612061e-01
9.524193548387096531e-01	4.453004622496147813e-01	1.348514407873153687e-01
9.524193548387096531e-01	4.468412942989214431e-01	1.336481422185897827e-01
9.532258064516129226e-01	4.468412942989214431e-01	1.330268085002899170e-01
9.532258064516129226e-01	4.637904468412942793e-01	1.151173785328865051e-01
9.556451612903226200e-01	4.637904468412942793e-01	1.103301346302032471e-01
9.556451612903226200e-01	4.668721109399075475e-01	1.050912812352180481e-01
9.564516129032257785e-01	4.668721109399075475e-01	1.044984459877014160e-01
9.564516129032257785e-01	4.699537750385208157e-01	1.033123284578323364e-01
9.572580645161290480e-01	4.699537750385208157e-01	1.029000133275985718e-01
9.572580645161290480e-01	4.730354391371340284e-01	9.921137988567352295e-02
9.580645161290322065e-01	4.730354391371340284e-01	9.848978370428085327e-02
9.580645161290322065e-01	4.761171032357472965e-01	9.546273946762084961e-02
9.612903225806451735e-01	4.761171032357472965e-01	9.355876594781875610e-02
9.612903225806451735e-01	4.853620955315870455e-01	8.900102227926254272e-02
9.620967741935483319e-01	4.853620955315870455e-01	8.785704523324966431e-02
9.620967741935483319e-01	4.976887519260400627e-01	8.355360478162765503e-02
9.620967741935483319e-01	5.007704160246533309e-01	8.333850651979446411e-02
9.620967741935483319e-01	5.069337442218798673e-01	8.129525929689407349e-02
9.629032258064516014e-01	5.069337442218798673e-01	8.100832253694534302e-02
9.629032258064516014e-01	5.208012326656394908e-01	7.258994877338409424e-02
9.637096774193548709e-01	5.208012326656394908e-01	7.223525643348693848e-02
9.637096774193548709e-01	5.223420647149460416e-01	7.214321941137313843e-02
9.645161290322580294e-01	5.223420647149460416e-01	7.149079442024230957e-02
9.645161290322580294e-01	5.238828967642527035e-01	7.099120318889617920e-02
9.653225806451612989e-01	5.238828967642527035e-01	6.963090598583221436e-02
9.653225806451612989e-01	5.300462249614792398e-01	6.801578402519226074e-02
9.661290322580645684e-01	5.300462249614792398e-01	6.794843077659606934e-02
9.661290322580645684e-01	5.392912172573189888e-01	6.513924896717071533e-02
9.677419354838709964e-01	5.392912172573189888e-01	6.432501971721649170e-02
9.677419354838709964e-01	5.439137134052388634e-01	6.321558356285095215e-02
9.685483870967741549e-01	5.439137134052388634e-01	6.305306404829025269e-02
9.685483870967741549e-01	5.654853620955315741e-01	5.798995122313499451e-02
9.693548387096774244e-01	5.654853620955315741e-01	5.766322091221809387e-02
9.693548387096774244e-01	5.716486902927581104e-01	5.754133313894271851e-02
9.701612903225806939e-01	5.716486902927581104e-01	5.687471851706504822e-02
9.701612903225806939e-01	5.731895223420646612e-01	5.543089658021926880e-02
9.709677419354838523e-01	5.731895223420646612e-01	5.450176447629928589e-02
9.709677419354838523e-01	5.762711864406779849e-01	5.417558923363685608e-02
9.725806451612902803e-01	5.762711864406779849e-01	5.410689860582351685e-02
9.725806451612902803e-01	5.778120184899846468e-01	5.384144559502601624e-02
9.733870967741935498e-01	5.778120184899846468e-01	5.353318154811859131e-02
9.733870967741935498e-01	5.932203389830508211e-01	4.981116950511932373e-02
9.741935483870968193e-01	5.932203389830508211e-01	4.943429678678512573e-02
9.741935483870968193e-01	5.947611710323574830e-01	4.936474934220314026e-02
9.749999999999999778e-01	5.947611710323574830e-01	4.911001026630401611e-02
9.749999999999999778e-01	5.978428351309706956e-01	4.876048117876052856e-02
9.758064516129032473e-01	5.978428351309706956e-01	4.800213500857353210e-02
9.758064516129032473e-01	5.993836671802773575e-01	4.746255278587341309e-02
9.774193548387096753e-01	5.993836671802773575e-01	4.713965207338333130e-02
9.774193548387096753e-01	6.055469953775038938e-01	4.662014544010162354e-02
9.782258064516129448e-01	6.055469953775038938e-01	4.644654318690299988e-02
9.782258064516129448e-01	6.224961479198767300e-01	4.339220747351646423e-02
9.798387096774193727e-01	6.224961479198767300e-01	4.245670884847640991e-02
9.798387096774193727e-01	6.286594761171032664e-01	4.125734791159629822e-02
9.806451612903225312e-01	6.286594761171032664e-01	4.099903628230094910e-02
9.806451612903225312e-01	6.471494607087827644e-01	3.531108796596527100e-02
9.814516129032258007e-01	6.471494607087827644e-01	3.517032787203788757e-02
9.814516129032258007e-01	6.502311248073959771e-01	3.436001762747764587e-02
9.830645161290322287e-01	6.502311248073959771e-01	3.384900838136672974e-02
9.830645161290322287e-01	6.548536209553158516e-01	3.353422880172729492e-02
9.838709677419354982e-01	6.548536209553158516e-01	3.299594298005104065e-02
9.838709677419354982e-01	6.640986132511556006e-01	3.139385208487510681e-02
9.846774193548386567e-01	6.640986132511556006e-01	3.117892891168594360e-02
9.846774193548386567e-01	7.010785824345145967e-01	2.558962255716323853e-02
9.854838709677419262e-01	7.010785824345145967e-01	2.517601661384105682e-02
9.854838709677419262e-01	7.072419106317411330e-01	2.361486293375492096e-02
9.862903225806451957e-01	7.072419106317411330e-01	2.338761836290359497e-02
9.862903225806451957e-01	7.226502311248074184e-01	2.035643905401229858e-02
9.870967741935483541e-01	7.226502311248074184e-01	1.975650154054164886e-02
9.870967741935483541e-01	7.257318952234206311e-01	1.914052665233612061e-02
9.887096774193548931e-01	7.257318952234206311e-01	1.885401085019111633e-02
9.887096774193548931e-01	7.349768875192603801e-01	1.829061470925807953e-02
9.895161290322580516e-01	7.349768875192603801e-01	1.815178617835044861e-02
9.895161290322580516e-01	7.457627118644067910e-01	1.732353866100311279e-02
9.903225806451613211e-01	7.457627118644067910e-01	1.695986650884151459e-02
9.903225806451613211e-01	7.488443759630200036e-01	1.689681969583034515e-02
9.911290322580644796e-01	7.488443759630200036e-01	1.670822873711585999e-02
9.911290322580644796e-01	7.534668721109398781e-01	1.660928502678871155e-02
9.919354838709677491e-01	7.534668721109398781e-01	1.643350906670093536e-02
9.919354838709677491e-01	7.673343605546995017e-01	1.533045060932636261e-02
9.927419354838710186e-01	7.673343605546995017e-01	1.521420478820800781e-02
9.927419354838710186e-01	7.688751926040061635e-01	1.510407682508230209e-02
9.943548387096774466e-01	7.688751926040061635e-01	1.498719863593578339e-02
9.943548387096774466e-01	7.765793528505392507e-01	1.387654896825551987e-02
9.951612903225806051e-01	7.765793528505392507e-01	1.386104803532361984e-02
9.951612903225806051e-01	7.935285053929121979e-01	1.149548403918743134e-02
9.959677419354838745e-01	7.935285053929121979e-01	1.146108470857143402e-02
9.959677419354838745e-01	8.027734976887519469e-01	1.098233368247747421e-02
9.967741935483871440e-01	8.027734976887519469e-01	1.084975246340036392e-02
9.967741935483871440e-01	8.197226502311247831e-01	1.021672785282135010e-02
9.975806451612903025e-01	8.197226502311247831e-01	1.011182740330696106e-02
9.975806451612903025e-01	8.382126348228042811e-01	9.314552880823612213e-03
9.983870967741935720e-01	8.382126348228042811e-01	9.249607101082801819e-03
9.983870967741935720e-01	8.890600924499230118e-01	5.565037950873374939e-03
9.991935483870967305e-01	8.890600924499230118e-01	5.528808571398258209e-03
9.991935483870967305e-01	8.998459167950693116e-01	4.947924520820379257e-03
1.000000000000000000e+00	8.998459167950693116e-01	4.893489181995391846e-03
1.000000000000000000e+00	1.000000000000000000e+00	2.337839221581816673e-03
