# False Positive Rate (FPR)	True Positive Rate (TPR)	Thresholds
0.000000000000000000e+00	0.000000000000000000e+00	inf
1.464128843338213803e-03	0.000000000000000000e+00	9.999737739562988281e-01
5.856515373352855214e-03	0.000000000000000000e+00	9.999705553054809570e-01
8.784773060029282821e-03	0.000000000000000000e+00	9.999696016311645508e-01
2.635431918008784846e-02	0.000000000000000000e+00	9.999645948410034180e-01
2.928257686676427607e-02	0.000000000000000000e+00	9.999644756317138672e-01
3.513909224011713128e-02	0.000000000000000000e+00	9.999622106552124023e-01
3.806734992679355889e-02	0.000000000000000000e+00	9.999620914459228516e-01
3.953147877013177269e-02	0.000000000000000000e+00	9.999618530273437500e-01
4.538799414348462791e-02	0.000000000000000000e+00	9.999616146087646484e-01
4.831625183016105551e-02	0.000000000000000000e+00	9.999613761901855469e-01
5.124450951683748312e-02	0.000000000000000000e+00	9.999612569808959961e-01
6.588579795021962116e-02	0.000000000000000000e+00	9.999581575393676758e-01
6.881405563689604876e-02	0.000000000000000000e+00	9.999580383300781250e-01
8.199121522693997299e-02	0.000000000000000000e+00	9.999551773071289062e-01
8.491947291361640060e-02	0.000000000000000000e+00	9.999550580978393555e-01
8.784773060029282821e-02	0.000000000000000000e+00	9.999547004699707031e-01
9.077598828696925581e-02	0.000000000000000000e+00	9.999545812606811523e-01
9.077598828696925581e-02	5.376344086021505805e-03	9.999544620513916016e-01
9.224011713030746962e-02	5.376344086021505805e-03	9.999543428421020508e-01
9.516837481698389722e-02	5.376344086021505805e-03	9.999541044235229492e-01
9.809663250366032483e-02	5.376344086021505805e-03	9.999535083770751953e-01
1.039531478770131800e-01	5.376344086021505805e-03	9.999532699584960938e-01
1.083455344070278215e-01	5.376344086021505805e-03	9.999523162841796875e-01
1.112737920937042491e-01	5.376344086021505805e-03	9.999521970748901367e-01
1.127379209370424629e-01	5.376344086021505805e-03	9.999520778656005859e-01
1.156661786237188905e-01	5.376344086021505805e-03	9.999517202377319336e-01
1.259150805270863871e-01	5.376344086021505805e-03	9.999499320983886719e-01
1.434846266471449527e-01	5.376344086021505805e-03	9.999480247497558594e-01
1.464128843338213803e-01	5.376344086021505805e-03	9.999470710754394531e-01
1.508052708638360218e-01	5.376344086021505805e-03	9.999465942382812500e-01
1.581259150805270908e-01	5.376344086021505805e-03	9.999448060989379883e-01
1.610541727672035184e-01	5.376344086021505805e-03	9.999446868896484375e-01
1.669106881405563736e-01	5.376344086021505805e-03	9.999439716339111328e-01
1.698389458272328012e-01	5.376344086021505805e-03	9.999436140060424805e-01
1.713030746705710150e-01	5.376344086021505805e-03	9.999433755874633789e-01
1.742313323572474426e-01	5.376344086021505805e-03	9.999432563781738281e-01
1.844802342606149392e-01	5.376344086021505805e-03	9.999414682388305664e-01
1.874084919472913668e-01	5.376344086021505805e-03	9.999407529830932617e-01
1.888726207906295806e-01	5.376344086021505805e-03	9.999406337738037109e-01
1.918008784773060083e-01	5.376344086021505805e-03	9.999405145645141602e-01
2.064421669106881463e-01	5.376344086021505805e-03	9.999364614486694336e-01
2.093704245973645739e-01	5.376344086021505805e-03	9.999359846115112305e-01
2.108345534407027877e-01	5.376344086021505805e-03	9.999350309371948242e-01
2.166910688140556429e-01	5.376344086021505805e-03	9.999345541000366211e-01
2.225475841874084981e-01	5.376344086021505805e-03	9.999337196350097656e-01
2.225475841874084981e-01	1.075268817204301161e-02	9.999333620071411133e-01
2.342606149341142086e-01	1.075268817204301161e-02	9.999300241470336914e-01
2.371888726207906362e-01	1.075268817204301161e-02	9.999297857284545898e-01
2.401171303074670638e-01	1.075268817204301161e-02	9.999291896820068359e-01
2.459736456808199190e-01	1.075268817204301161e-02	9.999281167984008789e-01
2.474377745241581328e-01	1.075268817204301161e-02	9.999276399612426758e-01
2.503660322108345326e-01	1.075268817204301161e-02	9.999272823333740234e-01
2.532942898975109602e-01	1.075268817204301161e-02	9.999266862869262695e-01
2.562225475841873878e-01	1.075268817204301161e-02	9.999264478683471680e-01
2.576866764275256294e-01	1.075268817204301161e-02	9.999262094497680664e-01
2.606149341142020570e-01	1.075268817204301161e-02	9.999244213104248047e-01
2.620790629575402431e-01	1.075268817204301161e-02	9.999237060546875000e-01
2.650073206442166707e-01	1.075268817204301161e-02	9.999232292175292969e-01
2.928257686676427607e-01	1.075268817204301161e-02	9.999117851257324219e-01
2.957540263543191883e-01	1.075268817204301161e-02	9.999116659164428711e-01
3.030746705710102296e-01	1.075268817204301161e-02	9.999085664749145508e-01
3.045387994143484711e-01	1.612903225806451568e-02	9.999078512191772461e-01
3.177159590043923676e-01	1.612903225806451568e-02	9.999036788940429688e-01
3.206442166910687952e-01	1.612903225806451568e-02	9.999026060104370117e-01
3.308931185944363196e-01	1.612903225806451568e-02	9.998959302902221680e-01
3.338213762811127472e-01	1.612903225806451568e-02	9.998958110809326172e-01
3.352855051244509332e-01	1.612903225806451568e-02	9.998955726623535156e-01
3.382137628111273608e-01	1.612903225806451568e-02	9.998953342437744141e-01
3.469985358711566437e-01	1.612903225806451568e-02	9.998912811279296875e-01
3.469985358711566437e-01	2.688172043010752729e-02	9.998880624771118164e-01
3.528550512445094989e-01	2.688172043010752729e-02	9.998841285705566406e-01
3.528550512445094989e-01	3.225806451612903136e-02	9.998840093612670898e-01
3.645680819912152093e-01	3.225806451612903136e-02	9.998806715011596680e-01
3.674963396778916369e-01	3.225806451612903136e-02	9.998788833618164062e-01
4.099560761346998650e-01	3.225806451612903136e-02	9.998557567596435547e-01
4.099560761346998650e-01	3.763440860215053890e-02	9.998553991317749023e-01
4.612005856515373203e-01	3.763440860215053890e-02	9.998185038566589355e-01
4.612005856515373203e-01	4.301075268817204644e-02	9.998183846473693848e-01
4.685212298682284171e-01	4.301075268817204644e-02	9.998103976249694824e-01
4.699853587115666032e-01	4.838709677419354704e-02	9.998077750205993652e-01
4.963396778916544516e-01	4.838709677419354704e-02	9.997723698616027832e-01
4.963396778916544516e-01	5.376344086021505458e-02	9.997705817222595215e-01
5.036603221083455484e-01	5.376344086021505458e-02	9.997611641883850098e-01
5.036603221083455484e-01	5.913978494623656212e-02	9.997605681419372559e-01
5.534407027818447622e-01	5.913978494623656212e-02	9.996376037597656250e-01
5.534407027818447622e-01	6.451612903225806273e-02	9.996358156204223633e-01
5.666178623718887142e-01	6.451612903225806273e-02	9.995927214622497559e-01
5.695461200585651973e-01	6.451612903225806273e-02	9.995861649513244629e-01
5.885797950219618935e-01	6.451612903225806273e-02	9.995224475860595703e-01
5.885797950219618935e-01	6.989247311827956333e-02	9.995194673538208008e-01
5.959004392386529902e-01	6.989247311827956333e-02	9.994814991950988770e-01
5.959004392386529902e-01	7.526881720430107781e-02	9.994640946388244629e-01
5.973645680819912318e-01	7.526881720430107781e-02	9.994621872901916504e-01
5.973645680819912318e-01	8.064516129032257841e-02	9.994557499885559082e-01
6.237188872620790248e-01	8.064516129032257841e-02	9.993000030517578125e-01
6.237188872620790248e-01	8.602150537634409289e-02	9.992991685867309570e-01
6.266471449487555079e-01	8.602150537634409289e-02	9.992920160293579102e-01
6.266471449487555079e-01	9.139784946236559349e-02	9.992864727973937988e-01
6.471449487554904456e-01	9.139784946236559349e-02	9.991989731788635254e-01
6.471449487554904456e-01	9.677419354838709409e-02	9.991903901100158691e-01
6.515373352855051703e-01	9.677419354838709409e-02	9.991672039031982422e-01
6.515373352855051703e-01	1.021505376344086086e-01	9.991512298583984375e-01
6.720351390922401080e-01	1.021505376344086086e-01	9.989243149757385254e-01
6.720351390922401080e-01	1.075268817204301092e-01	9.989156723022460938e-01
6.969253294289897704e-01	1.075268817204301092e-01	9.986948370933532715e-01
6.969253294289897704e-01	1.182795698924731242e-01	9.986770749092102051e-01
7.013177159590043841e-01	1.182795698924731242e-01	9.985645413398742676e-01
7.013177159590043841e-01	1.236559139784946248e-01	9.985632300376892090e-01
7.027818448023426257e-01	1.236559139784946248e-01	9.985406398773193359e-01
7.027818448023426257e-01	1.290322580645161255e-01	9.985235333442687988e-01
7.115666178623718530e-01	1.290322580645161255e-01	9.983513355255126953e-01
7.115666178623718530e-01	1.344086021505376261e-01	9.983460903167724609e-01
7.174231332357247082e-01	1.344086021505376261e-01	9.982957243919372559e-01
7.174231332357247082e-01	1.397849462365591267e-01	9.982298016548156738e-01
7.203513909224011913e-01	1.397849462365591267e-01	9.981820583343505859e-01
7.203513909224011913e-01	1.451612903225806550e-01	9.981672763824462891e-01
7.525622254758418395e-01	1.451612903225806550e-01	9.972146153450012207e-01
7.525622254758418395e-01	1.559139784946236562e-01	9.970809817314147949e-01
7.613469985358711778e-01	1.559139784946236562e-01	9.963878393173217773e-01
7.613469985358711778e-01	1.612903225806451568e-01	9.963250756263732910e-01
7.774524158125915019e-01	1.612903225806451568e-01	9.950671195983886719e-01
7.774524158125915019e-01	1.666666666666666574e-01	9.949715137481689453e-01
7.789165446559297434e-01	1.666666666666666574e-01	9.948295950889587402e-01
7.789165446559297434e-01	1.720430107526881858e-01	9.948067069053649902e-01
7.803806734992679850e-01	1.720430107526881858e-01	9.947319030761718750e-01
7.803806734992679850e-01	1.774193548387096864e-01	9.946299791336059570e-01
7.818448023426061155e-01	1.774193548387096864e-01	9.944760203361511230e-01
7.818448023426061155e-01	1.827956989247311870e-01	9.944499731063842773e-01
7.906295754026354539e-01	1.827956989247311870e-01	9.934855103492736816e-01
7.906295754026354539e-01	1.881720430107526876e-01	9.933220744132995605e-01
7.994143484626646812e-01	1.881720430107526876e-01	9.928721785545349121e-01
7.994143484626646812e-01	1.935483870967741882e-01	9.928273558616638184e-01
8.081991215226940195e-01	1.935483870967741882e-01	9.922329187393188477e-01
8.081991215226940195e-01	1.989247311827956888e-01	9.920629858970642090e-01
8.125915080527086332e-01	1.989247311827956888e-01	9.908761382102966309e-01
8.125915080527086332e-01	2.096774193548387177e-01	9.892182350158691406e-01
8.155197657393851163e-01	2.096774193548387177e-01	9.882614016532897949e-01
8.155197657393851163e-01	2.150537634408602183e-01	9.868957400321960449e-01
8.184480234260614884e-01	2.150537634408602183e-01	9.866232275962829590e-01
8.184480234260614884e-01	2.204301075268817189e-01	9.851737618446350098e-01
8.213762811127379715e-01	2.204301075268817189e-01	9.835556149482727051e-01
8.213762811127379715e-01	2.258064516129032195e-01	9.827060699462890625e-01
8.228404099560761020e-01	2.258064516129032195e-01	9.824922084808349609e-01
8.228404099560761020e-01	2.311827956989247201e-01	9.806979894638061523e-01
8.286969253294289572e-01	2.311827956989247201e-01	9.775328040122985840e-01
8.286969253294289572e-01	2.365591397849462485e-01	9.769349098205566406e-01
8.301610541727671988e-01	2.365591397849462485e-01	9.755767583847045898e-01
8.301610541727671988e-01	2.419354838709677491e-01	9.754741191864013672e-01
8.345534407027818125e-01	2.419354838709677491e-01	9.726172685623168945e-01
8.345534407027818125e-01	2.473118279569892497e-01	9.689776301383972168e-01
8.433382137628111508e-01	2.473118279569892497e-01	9.638938307762145996e-01
8.433382137628111508e-01	2.634408602150537515e-01	9.611480236053466797e-01
8.477306002928257644e-01	2.634408602150537515e-01	9.569310545921325684e-01
8.477306002928257644e-01	2.741935483870967527e-01	9.511411190032958984e-01
8.506588579795022476e-01	2.741935483870967527e-01	9.496806263923645020e-01
8.506588579795022476e-01	2.795698924731182533e-01	9.470981955528259277e-01
8.550512445095168612e-01	2.795698924731182533e-01	9.386800527572631836e-01
8.550512445095168612e-01	2.903225806451613100e-01	9.340191483497619629e-01
8.565153733528551028e-01	2.903225806451613100e-01	9.257804751396179199e-01
8.565153733528551028e-01	2.956989247311828106e-01	9.256281852722167969e-01
8.623718887262079580e-01	2.956989247311828106e-01	9.132655262947082520e-01
8.623718887262079580e-01	3.010752688172043112e-01	9.125561118125915527e-01
8.653001464128843301e-01	3.010752688172043112e-01	9.077825546264648438e-01
8.653001464128843301e-01	3.064516129032258118e-01	9.062056541442871094e-01
8.667642752562225716e-01	3.064516129032258118e-01	9.059548377990722656e-01
8.667642752562225716e-01	3.118279569892473124e-01	8.930628299713134766e-01
8.682284040995608132e-01	3.118279569892473124e-01	8.882740736007690430e-01
8.682284040995608132e-01	3.387096774193548154e-01	8.570671081542968750e-01
8.799414348462665236e-01	3.387096774193548154e-01	8.326718211174011230e-01
8.799414348462665236e-01	3.440860215053763715e-01	7.978153824806213379e-01
8.814055636896046542e-01	3.440860215053763715e-01	7.888454794883728027e-01
8.814055636896046542e-01	3.494623655913978721e-01	7.882686853408813477e-01
8.828696925329428957e-01	3.494623655913978721e-01	7.841738462448120117e-01
8.828696925329428957e-01	3.548387096774193727e-01	7.634609341621398926e-01
8.857979502196193788e-01	3.548387096774193727e-01	7.237598299980163574e-01
8.857979502196193788e-01	3.602150537634408733e-01	7.200253009796142578e-01
8.872620790629575094e-01	3.602150537634408733e-01	7.084077596664428711e-01
8.872620790629575094e-01	3.763440860215053752e-01	6.755143404006958008e-01
8.887262079062957509e-01	3.763440860215053752e-01	6.745439767837524414e-01
8.887262079062957509e-01	3.924731182795698770e-01	6.530441641807556152e-01
8.931185944363103646e-01	3.924731182795698770e-01	5.702494382858276367e-01
8.931185944363103646e-01	3.978494623655913776e-01	5.681771039962768555e-01
8.945827232796486062e-01	3.978494623655913776e-01	5.425263643264770508e-01
8.945827232796486062e-01	4.032258064516128782e-01	5.274652242660522461e-01
8.975109809663250893e-01	4.032258064516128782e-01	4.996140897274017334e-01
8.975109809663250893e-01	4.139784946236559349e-01	4.602786898612976074e-01
8.989751098096632198e-01	4.139784946236559349e-01	4.549643695354461670e-01
8.989751098096632198e-01	4.193548387096774355e-01	4.480123817920684814e-01
9.004392386530014614e-01	4.193548387096774355e-01	4.398333728313446045e-01
9.004392386530014614e-01	4.247311827956989361e-01	4.068600237369537354e-01
9.019033674963397029e-01	4.247311827956989361e-01	3.988337814807891846e-01
9.019033674963397029e-01	4.301075268817204367e-01	3.760008811950683594e-01
9.048316251830160750e-01	4.301075268817204367e-01	3.604563772678375244e-01
9.048316251830160750e-01	4.354838709677419373e-01	3.511390984058380127e-01
9.092240117130307997e-01	4.354838709677419373e-01	3.178096413612365723e-01
9.092240117130307997e-01	4.516129032258064391e-01	2.964781522750854492e-01
9.136163982430454134e-01	4.516129032258064391e-01	2.644839882850646973e-01
9.136163982430454134e-01	4.569892473118279397e-01	2.591935098171234131e-01
9.180087847730600270e-01	4.569892473118279397e-01	2.335341274738311768e-01
9.180087847730600270e-01	4.623655913978494403e-01	2.231146991252899170e-01
9.194729136163982686e-01	4.623655913978494403e-01	2.053121924400329590e-01
9.194729136163982686e-01	4.677419354838709409e-01	2.021113634109497070e-01
9.209370424597365101e-01	4.677419354838709409e-01	1.943747997283935547e-01
9.209370424597365101e-01	4.731182795698924970e-01	1.880910098552703857e-01
9.224011713030746407e-01	4.731182795698924970e-01	1.877259165048599243e-01
9.224011713030746407e-01	4.784946236559139976e-01	1.874615103006362915e-01
9.297218155197657374e-01	4.784946236559139976e-01	1.288256049156188965e-01
9.297218155197657374e-01	4.892473118279569988e-01	1.231296882033348083e-01
9.370424597364568342e-01	4.892473118279569988e-01	9.094279259443283081e-02
9.370424597364568342e-01	5.000000000000000000e-01	8.206422626972198486e-02
9.385065885797950758e-01	5.000000000000000000e-01	8.049079030752182007e-02
9.385065885797950758e-01	5.053763440860215006e-01	8.008452504873275757e-02
9.399707174231332063e-01	5.053763440860215006e-01	7.760287821292877197e-02
9.399707174231332063e-01	5.107526881720430012e-01	7.619665563106536865e-02
9.428989751098096894e-01	5.107526881720430012e-01	7.095847278833389282e-02
9.428989751098096894e-01	5.268817204301075030e-01	5.958062037825584412e-02
9.458272327964860615e-01	5.268817204301075030e-01	5.709654465317726135e-02
9.458272327964860615e-01	5.322580645161290036e-01	5.302996560931205750e-02
9.472913616398243031e-01	5.322580645161290036e-01	4.957116767764091492e-02
9.472913616398243031e-01	5.430107526881720048e-01	4.235679283738136292e-02
9.487554904831625446e-01	5.430107526881720048e-01	4.084825888276100159e-02
9.487554904831625446e-01	5.537634408602150060e-01	3.653421252965927124e-02
9.531478770131771583e-01	5.537634408602150060e-01	3.228690475225448608e-02
9.531478770131771583e-01	5.591397849462365066e-01	3.084894269704818726e-02
9.546120058565153998e-01	5.591397849462365066e-01	2.719529531896114349e-02
9.546120058565153998e-01	5.645161290322581182e-01	2.717299014329910278e-02
9.560761346998536414e-01	5.645161290322581182e-01	2.671718783676624298e-02
9.560761346998536414e-01	5.752688172043011194e-01	2.605890482664108276e-02
9.575402635431917719e-01	5.752688172043011194e-01	2.561589144170284271e-02
9.575402635431917719e-01	5.967741935483871218e-01	2.165644988417625427e-02
9.604685212298682551e-01	5.967741935483871218e-01	1.986522972583770752e-02
9.604685212298682551e-01	6.021505376344086224e-01	1.879067160189151764e-02
9.633967789165446272e-01	6.021505376344086224e-01	1.770913042128086090e-02
9.633967789165446272e-01	6.075268817204301230e-01	1.733726821839809418e-02
9.648609077598828687e-01	6.075268817204301230e-01	1.727742701768875122e-02
9.648609077598828687e-01	6.236559139784946248e-01	1.603039726614952087e-02
9.663250366032211103e-01	6.236559139784946248e-01	1.594166830182075500e-02
9.663250366032211103e-01	6.397849462365591267e-01	1.289300248026847839e-02
9.677891654465593518e-01	6.397849462365591267e-01	1.223407126963138580e-02
9.677891654465593518e-01	6.666666666666666297e-01	9.383025579154491425e-03
9.692532942898974824e-01	6.666666666666666297e-01	9.235879406332969666e-03
9.692532942898974824e-01	6.720430107526881303e-01	9.190550073981285095e-03
9.721815519765739655e-01	6.720430107526881303e-01	9.179500862956047058e-03
9.721815519765739655e-01	6.774193548387096309e-01	8.944465778768062592e-03
9.736456808199122070e-01	6.774193548387096309e-01	8.773366920650005341e-03
9.736456808199122070e-01	6.827956989247311315e-01	8.753310889005661011e-03
9.751098096632503376e-01	6.827956989247311315e-01	8.467765524983406067e-03
9.751098096632503376e-01	6.989247311827957443e-01	7.376885041594505310e-03
9.780380673499268207e-01	6.989247311827957443e-01	5.777093116194009781e-03
9.780380673499268207e-01	7.096774193548387455e-01	5.345674231648445129e-03
9.795021961932650623e-01	7.096774193548387455e-01	5.287948995828628540e-03
9.795021961932650623e-01	7.258064516129032473e-01	4.809401463717222214e-03
9.809663250366031928e-01	7.258064516129032473e-01	4.796363878995180130e-03
9.809663250366031928e-01	7.311827956989247479e-01	4.759401082992553711e-03
9.824304538799414344e-01	7.311827956989247479e-01	4.707715474069118500e-03
9.824304538799414344e-01	7.580645161290322509e-01	4.101689904928207397e-03
9.838945827232796759e-01	7.580645161290322509e-01	4.029858391731977463e-03
9.838945827232796759e-01	7.741935483870967527e-01	3.733016550540924072e-03
9.853587115666179175e-01	7.741935483870967527e-01	3.696816740557551384e-03
9.853587115666179175e-01	7.849462365591397539e-01	3.597795264795422554e-03
9.868228404099560480e-01	7.849462365591397539e-01	3.593341447412967682e-03
9.868228404099560480e-01	8.064516129032257563e-01	3.153480123728513718e-03
9.897510980966325311e-01	8.064516129032257563e-01	2.938640536740422249e-03
9.897510980966325311e-01	8.172043010752688685e-01	2.810167847201228142e-03
9.926793557833089032e-01	8.172043010752688685e-01	2.756573492661118507e-03
9.926793557833089032e-01	8.225806451612903691e-01	2.751726424321532249e-03
9.941434846266471448e-01	8.225806451612903691e-01	2.726990729570388794e-03
9.941434846266471448e-01	8.602150537634408733e-01	2.204991178587079048e-03
9.956076134699853863e-01	8.602150537634408733e-01	2.203651238232851028e-03
9.956076134699853863e-01	8.817204301075268758e-01	2.118696225807070732e-03
9.985358711566617584e-01	8.817204301075268758e-01	2.000208711251616478e-03
9.985358711566617584e-01	8.870967741935483764e-01	1.870998530648648739e-03
1.000000000000000000e+00	8.870967741935483764e-01	1.845854450948536396e-03
1.000000000000000000e+00	1.000000000000000000e+00	7.142604445107281208e-04
