# False Positive Rate (FPR)	True Positive Rate (TPR)	Thresholds
0.000000000000000000e+00	0.000000000000000000e+00	inf
8.064516129032258058e-04	0.000000000000000000e+00	9.999259710311889648e-01
1.290322580645161289e-02	0.000000000000000000e+00	9.999068975448608398e-01
1.451612903225806515e-02	0.000000000000000000e+00	9.999063014984130859e-01
1.774193548387096794e-02	0.000000000000000000e+00	9.999046325683593750e-01
1.935483870967742021e-02	0.000000000000000000e+00	9.999028444290161133e-01
3.467741935483870802e-02	0.000000000000000000e+00	9.998817443847656250e-01
3.629032258064516375e-02	0.000000000000000000e+00	9.998800754547119141e-01
5.322580645161290036e-02	0.000000000000000000e+00	9.998530149459838867e-01
5.645161290322580488e-02	0.000000000000000000e+00	9.998502731323242188e-01
6.854838709677418818e-02	0.000000000000000000e+00	9.998182654380798340e-01
6.854838709677418818e-02	1.540832049306625632e-03	9.998157620429992676e-01
7.338709677419354149e-02	1.540832049306625632e-03	9.998059868812561035e-01
7.499999999999999722e-02	1.540832049306625632e-03	9.998040795326232910e-01
8.225806451612903414e-02	1.540832049306625632e-03	9.997738003730773926e-01
8.225806451612903414e-02	3.081664098613251263e-03	9.997683167457580566e-01
1.120967741935483819e-01	3.081664098613251263e-03	9.997028708457946777e-01
1.137096774193548376e-01	3.081664098613251263e-03	9.996961355209350586e-01
1.524193548387096642e-01	3.081664098613251263e-03	9.995697140693664551e-01
1.524193548387096642e-01	4.622496147919877112e-03	9.995685219764709473e-01
1.677419354838709797e-01	4.622496147919877112e-03	9.994755387306213379e-01
1.693548387096774077e-01	4.622496147919877112e-03	9.994673132896423340e-01
2.040322580645161366e-01	4.622496147919877112e-03	9.993250370025634766e-01
2.040322580645161366e-01	6.163328197226502526e-03	9.993247985839843750e-01
2.137096774193548432e-01	6.163328197226502526e-03	9.992566704750061035e-01
2.137096774193548432e-01	7.704160246533127941e-03	9.992454051971435547e-01
2.290322580645161310e-01	7.704160246533127941e-03	9.990620017051696777e-01
2.290322580645161310e-01	9.244992295839754223e-03	9.990417361259460449e-01
2.500000000000000000e-01	9.244992295839754223e-03	9.988951086997985840e-01
2.500000000000000000e-01	1.078582434514637964e-02	9.988858103752136230e-01
2.540322580645161255e-01	1.078582434514637964e-02	9.988541603088378906e-01
2.556451612903225534e-01	1.078582434514637964e-02	9.988536834716796875e-01
2.564516129032258229e-01	1.078582434514637964e-02	9.988449811935424805e-01
2.564516129032258229e-01	1.232665639445300505e-02	9.988419413566589355e-01
2.693548387096774133e-01	1.232665639445300505e-02	9.987393021583557129e-01
2.693548387096774133e-01	1.386748844375963047e-02	9.987335801124572754e-01
3.185483870967741882e-01	1.386748844375963047e-02	9.980953335762023926e-01
3.185483870967741882e-01	1.540832049306625588e-02	9.980913996696472168e-01
3.330645161290322620e-01	1.540832049306625588e-02	9.978682994842529297e-01
3.330645161290322620e-01	1.848998459167950845e-02	9.977865219116210938e-01
3.379032258064516014e-01	1.848998459167950845e-02	9.977249503135681152e-01
3.379032258064516014e-01	2.003081664098613213e-02	9.977185726165771484e-01
3.508064516129032473e-01	2.003081664098613213e-02	9.975022673606872559e-01
3.508064516129032473e-01	2.157164869029275928e-02	9.974702596664428711e-01
3.895161290322580738e-01	2.157164869029275928e-02	9.964185953140258789e-01
3.895161290322580738e-01	2.311248073959938296e-02	9.964054822921752930e-01
4.193548387096774355e-01	2.311248073959938296e-02	9.954990744590759277e-01
4.193548387096774355e-01	2.465331278890601011e-02	9.954831600189208984e-01
4.508064516129032251e-01	2.465331278890601011e-02	9.942627549171447754e-01
4.508064516129032251e-01	2.773497688751926094e-02	9.941930174827575684e-01
4.548387096774193505e-01	2.773497688751926094e-02	9.936631917953491211e-01
4.548387096774193505e-01	3.081664098613251176e-02	9.936283230781555176e-01
4.822580645161290147e-01	3.081664098613251176e-02	9.919255375862121582e-01
4.822580645161290147e-01	3.235747303543913544e-02	9.918805956840515137e-01
4.887096774193548376e-01	3.235747303543913544e-02	9.911064505577087402e-01
4.887096774193548376e-01	3.389830508474576259e-02	9.911012649536132812e-01
5.032258064516128560e-01	3.389830508474576259e-02	9.901399016380310059e-01
5.032258064516128560e-01	3.543913713405238974e-02	9.901292920112609863e-01
5.080645161290322509e-01	3.543913713405238974e-02	9.897881746292114258e-01
5.080645161290322509e-01	3.697996918335901689e-02	9.897803068161010742e-01
5.145161290322580738e-01	3.697996918335901689e-02	9.893215894699096680e-01
5.145161290322580738e-01	3.852080123266563710e-02	9.892535805702209473e-01
5.177419354838709298e-01	3.852080123266563710e-02	9.891011118888854980e-01
5.177419354838709298e-01	4.006163328197226425e-02	9.889948964118957520e-01
5.209677419354838968e-01	4.006163328197226425e-02	9.888146519660949707e-01
5.209677419354838968e-01	4.160246533127889140e-02	9.887945652008056641e-01
5.217741935483870552e-01	4.160246533127889140e-02	9.886630177497863770e-01
5.217741935483870552e-01	4.468412942989213876e-02	9.885938167572021484e-01
5.241935483870967527e-01	4.468412942989213876e-02	9.881908893585205078e-01
5.241935483870967527e-01	4.776579352850539306e-02	9.880762100219726562e-01
5.258064516129031807e-01	4.776579352850539306e-02	9.879442453384399414e-01
5.258064516129031807e-01	4.930662557781202021e-02	9.878799319267272949e-01
5.290322580645161477e-01	4.930662557781202021e-02	9.875910282135009766e-01
5.290322580645161477e-01	5.084745762711864736e-02	9.875792860984802246e-01
5.451612903225806495e-01	5.084745762711864736e-02	9.862150549888610840e-01
5.451612903225806495e-01	5.238828967642526757e-02	9.861198663711547852e-01
5.483870967741935054e-01	5.238828967642526757e-02	9.856665730476379395e-01
5.483870967741935054e-01	5.392912172573189472e-02	9.855569005012512207e-01
5.500000000000000444e-01	5.392912172573189472e-02	9.853994250297546387e-01
5.500000000000000444e-01	5.546995377503852187e-02	9.853964447975158691e-01
5.516129032258064724e-01	5.546995377503852187e-02	9.853708744049072266e-01
5.516129032258064724e-01	5.855161787365176923e-02	9.851293563842773438e-01
5.524193548387096309e-01	5.855161787365176923e-02	9.851227402687072754e-01
5.524193548387096309e-01	6.317411402157165068e-02	9.849197864532470703e-01
5.588709677419354538e-01	6.317411402157165068e-02	9.843838214874267578e-01
5.588709677419354538e-01	6.471494607087827089e-02	9.843416810035705566e-01
5.604838709677418818e-01	6.471494607087827089e-02	9.840198755264282227e-01
5.604838709677418818e-01	6.625577812018490498e-02	9.839210510253906250e-01
5.645161290322581182e-01	6.625577812018490498e-02	9.835792183876037598e-01
5.645161290322581182e-01	6.779661016949152519e-02	9.833670854568481445e-01
5.717741935483870996e-01	6.779661016949152519e-02	9.826939702033996582e-01
5.717741935483870996e-01	6.933744221879814540e-02	9.826596975326538086e-01
5.838709677419354760e-01	6.933744221879814540e-02	9.808769822120666504e-01
5.838709677419354760e-01	7.087827426810477949e-02	9.805090427398681641e-01
5.935483870967741549e-01	7.087827426810477949e-02	9.793212413787841797e-01
5.935483870967741549e-01	7.241910631741139970e-02	9.791458845138549805e-01
5.999999999999999778e-01	7.241910631741139970e-02	9.786755442619323730e-01
5.999999999999999778e-01	7.395993836671803379e-02	9.785881042480468750e-01
6.088709677419354982e-01	7.395993836671803379e-02	9.770557880401611328e-01
6.088709677419354982e-01	7.550077041602465400e-02	9.769806861877441406e-01
6.193548387096774466e-01	7.550077041602465400e-02	9.751431941986083984e-01
6.193548387096774466e-01	7.704160246533127421e-02	9.749351143836975098e-01
6.201612903225806051e-01	7.704160246533127421e-02	9.748918414115905762e-01
6.201612903225806051e-01	7.858243451463790830e-02	9.745336174964904785e-01
6.322580645161289814e-01	7.858243451463790830e-02	9.725891947746276855e-01
6.322580645161289814e-01	8.012326656394452851e-02	9.724368453025817871e-01
6.451612903225806273e-01	8.012326656394452851e-02	9.700677990913391113e-01
6.451612903225806273e-01	8.166409861325114872e-02	9.697927236557006836e-01
6.596774193548387011e-01	8.166409861325114872e-02	9.663591384887695312e-01
6.596774193548387011e-01	8.320493066255778281e-02	9.663333296775817871e-01
6.645161290322580960e-01	8.320493066255778281e-02	9.656203985214233398e-01
6.645161290322580960e-01	8.474576271186440302e-02	9.655273556709289551e-01
6.661290322580645240e-01	8.474576271186440302e-02	9.651398062705993652e-01
6.661290322580645240e-01	8.628659476117103710e-02	9.651185870170593262e-01
6.669354838709677935e-01	8.628659476117103710e-02	9.649910330772399902e-01
6.669354838709677935e-01	8.782742681047765732e-02	9.642319679260253906e-01
6.725806451612903469e-01	8.782742681047765732e-02	9.628967046737670898e-01
6.725806451612903469e-01	8.936825885978427753e-02	9.626628160476684570e-01
6.854838709677418818e-01	8.936825885978427753e-02	9.556570053100585938e-01
6.854838709677418818e-01	9.090909090909091161e-02	9.554240703582763672e-01
6.903225806451612767e-01	9.090909090909091161e-02	9.542483091354370117e-01
6.903225806451612767e-01	9.244992295839753182e-02	9.538351297378540039e-01
6.935483870967742437e-01	9.244992295839753182e-02	9.531656503677368164e-01
6.935483870967742437e-01	9.399075500770416591e-02	9.521958231925964355e-01
6.959677419354838301e-01	9.399075500770416591e-02	9.512543678283691406e-01
6.959677419354838301e-01	9.861325115562404042e-02	9.504615068435668945e-01
7.040322580645160810e-01	9.861325115562404042e-02	9.470033645629882812e-01
7.040322580645160810e-01	1.001540832049306606e-01	9.469001293182373047e-01
7.056451612903226200e-01	1.001540832049306606e-01	9.468105435371398926e-01
7.056451612903226200e-01	1.016949152542372947e-01	9.467629790306091309e-01
7.177419354838709964e-01	1.016949152542372947e-01	9.395996928215026855e-01
7.177419354838709964e-01	1.032357473035439149e-01	9.392628073692321777e-01
7.274193548387096753e-01	1.032357473035439149e-01	9.362426996231079102e-01
7.274193548387096753e-01	1.047765793528505351e-01	9.362328648567199707e-01
7.322580645161290702e-01	1.047765793528505351e-01	9.353018403053283691e-01
7.322580645161290702e-01	1.093990755007704097e-01	9.332672953605651855e-01
7.338709677419354982e-01	1.093990755007704097e-01	9.322207570075988770e-01
7.338709677419354982e-01	1.109399075500770437e-01	9.319108724594116211e-01
7.379032258064516236e-01	1.109399075500770437e-01	9.306558370590209961e-01
7.379032258064516236e-01	1.124807395993836640e-01	9.306074380874633789e-01
7.403225806451613211e-01	1.124807395993836640e-01	9.296933412551879883e-01
7.403225806451613211e-01	1.140215716486902980e-01	9.296421408653259277e-01
7.427419354838710186e-01	1.140215716486902980e-01	9.264575242996215820e-01
7.427419354838710186e-01	1.155624036979969183e-01	9.263719916343688965e-01
7.516129032258064280e-01	1.155624036979969183e-01	9.166158437728881836e-01
7.516129032258064280e-01	1.171032357473035385e-01	9.163044691085815430e-01
7.556451612903225534e-01	1.171032357473035385e-01	9.116280674934387207e-01
7.556451612903225534e-01	1.186440677966101725e-01	9.094787240028381348e-01
7.580645161290322509e-01	1.186440677966101725e-01	9.082545638084411621e-01
7.580645161290322509e-01	1.201848998459167928e-01	9.075783491134643555e-01
7.637096774193548043e-01	1.201848998459167928e-01	9.012827277183532715e-01
7.637096774193548043e-01	1.232665639445300471e-01	8.957226872444152832e-01
7.669354838709677713e-01	1.232665639445300471e-01	8.897368311882019043e-01
7.669354838709677713e-01	1.263482280431433014e-01	8.887212872505187988e-01
7.677419354838709298e-01	1.263482280431433014e-01	8.870657086372375488e-01
7.677419354838709298e-01	1.278890600924499354e-01	8.867201209068298340e-01
7.685483870967741993e-01	1.278890600924499354e-01	8.865380883216857910e-01
7.685483870967741993e-01	1.294298921417565418e-01	8.861234188079833984e-01
7.709677419354838968e-01	1.294298921417565418e-01	8.815446496009826660e-01
7.709677419354838968e-01	1.325115562403698100e-01	8.792367577552795410e-01
7.717741935483870552e-01	1.325115562403698100e-01	8.776790499687194824e-01
7.717741935483870552e-01	1.340523882896764163e-01	8.775089383125305176e-01
7.725806451612903247e-01	1.340523882896764163e-01	8.762792348861694336e-01
7.725806451612903247e-01	1.371340523882896845e-01	8.755419850349426270e-01
7.870967741935483986e-01	1.371340523882896845e-01	8.553531169891357422e-01
7.870967741935483986e-01	1.386748844375962908e-01	8.552737832069396973e-01
7.895161290322580960e-01	1.386748844375962908e-01	8.507031202316284180e-01
7.895161290322580960e-01	1.402157164869029249e-01	8.497797846794128418e-01
7.943548387096773800e-01	1.402157164869029249e-01	8.421366214752197266e-01
7.943548387096773800e-01	1.417565485362095590e-01	8.418484926223754883e-01
7.951612903225806495e-01	1.417565485362095590e-01	8.402800559997558594e-01
7.951612903225806495e-01	1.432973805855161653e-01	8.395785689353942871e-01
7.967741935483870774e-01	1.432973805855161653e-01	8.373432159423828125e-01
7.967741935483870774e-01	1.463790446841294335e-01	8.344280123710632324e-01
7.983870967741935054e-01	1.463790446841294335e-01	8.300371170043945312e-01
7.983870967741935054e-01	1.479198767334360676e-01	8.296988606452941895e-01
7.991935483870967749e-01	1.479198767334360676e-01	8.250443339347839355e-01
7.991935483870967749e-01	1.494607087827426739e-01	8.249095082283020020e-01
8.008064516129032029e-01	1.494607087827426739e-01	8.191913366317749023e-01
8.008064516129032029e-01	1.510015408320493080e-01	8.189891576766967773e-01
8.048387096774193283e-01	1.510015408320493080e-01	8.115464448928833008e-01
8.048387096774193283e-01	1.525423728813559421e-01	8.101446628570556641e-01
8.072580645161290258e-01	1.525423728813559421e-01	8.068876266479492188e-01
8.072580645161290258e-01	1.540832049306625484e-01	8.046107888221740723e-01
8.104838709677418818e-01	1.540832049306625484e-01	7.943540215492248535e-01
8.104838709677418818e-01	1.571648690292758166e-01	7.837803959846496582e-01
8.112903225806451513e-01	1.571648690292758166e-01	7.835064530372619629e-01
8.112903225806451513e-01	1.602465331278890570e-01	7.794717550277709961e-01
8.145161290322581182e-01	1.602465331278890570e-01	7.765953540802001953e-01
8.145161290322581182e-01	1.617873651771956911e-01	7.757578492164611816e-01
8.177419354838709742e-01	1.617873651771956911e-01	7.687096595764160156e-01
8.177419354838709742e-01	1.664098613251155656e-01	7.586792111396789551e-01
8.193548387096774022e-01	1.664098613251155656e-01	7.516984939575195312e-01
8.193548387096774022e-01	1.694915254237288060e-01	7.431479096412658691e-01
8.201612903225806717e-01	1.694915254237288060e-01	7.429241538047790527e-01
8.201612903225806717e-01	1.710323574730354401e-01	7.416588068008422852e-01
8.217741935483870996e-01	1.710323574730354401e-01	7.379891872406005859e-01
8.217741935483870996e-01	1.725731895223420742e-01	7.353381514549255371e-01
8.233870967741935276e-01	1.725731895223420742e-01	7.312642335891723633e-01
8.233870967741935276e-01	1.756548536209553146e-01	7.266225218772888184e-01
8.241935483870967971e-01	1.756548536209553146e-01	7.263139486312866211e-01
8.241935483870967971e-01	1.802773497688751891e-01	7.255393266677856445e-01
8.249999999999999556e-01	1.802773497688751891e-01	7.211285233497619629e-01
8.249999999999999556e-01	1.833590138674884573e-01	7.178409099578857422e-01
8.258064516129032251e-01	1.833590138674884573e-01	7.167161703109741211e-01
8.258064516129032251e-01	1.848998459167950636e-01	7.164919972419738770e-01
8.274193548387096531e-01	1.848998459167950636e-01	7.083815336227416992e-01
8.274193548387096531e-01	1.879815100154083318e-01	7.017558217048645020e-01
8.306451612903226200e-01	1.879815100154083318e-01	6.926121711730957031e-01
8.306451612903226200e-01	1.895223420647149382e-01	6.859259605407714844e-01
8.314516129032257785e-01	1.895223420647149382e-01	6.823704838752746582e-01
8.314516129032257785e-01	1.926040061633282063e-01	6.813734173774719238e-01
8.322580645161290480e-01	1.926040061633282063e-01	6.804281473159790039e-01
8.322580645161290480e-01	1.941448382126348127e-01	6.798220872879028320e-01
8.338709677419354760e-01	1.941448382126348127e-01	6.755352020263671875e-01
8.338709677419354760e-01	1.972265023112480808e-01	6.745926737785339355e-01
8.354838709677419040e-01	1.972265023112480808e-01	6.727011203765869141e-01
8.354838709677419040e-01	1.987673343605546872e-01	6.720927357673645020e-01
8.379032258064516014e-01	1.987673343605546872e-01	6.565172076225280762e-01
8.379032258064516014e-01	2.018489984591679554e-01	6.493954062461853027e-01
8.403225806451612989e-01	2.018489984591679554e-01	6.440572142601013184e-01
8.403225806451612989e-01	2.033898305084745894e-01	6.438502669334411621e-01
8.419354838709677269e-01	2.033898305084745894e-01	6.400617957115173340e-01
8.419354838709677269e-01	2.049306625577811958e-01	6.396412849426269531e-01
8.451612903225806939e-01	2.049306625577811958e-01	6.260523200035095215e-01
8.451612903225806939e-01	2.080123266563944640e-01	6.241811513900756836e-01
8.459677419354838523e-01	2.080123266563944640e-01	6.241165995597839355e-01
8.459677419354838523e-01	2.095531587057010703e-01	6.240618228912353516e-01
8.475806451612902803e-01	2.095531587057010703e-01	6.155310273170471191e-01
8.475806451612902803e-01	2.126348228043143385e-01	6.038446426391601562e-01
8.491935483870968193e-01	2.126348228043143385e-01	6.014865636825561523e-01
8.491935483870968193e-01	2.141756548536209448e-01	5.953581929206848145e-01
8.508064516129032473e-01	2.141756548536209448e-01	5.941230654716491699e-01
8.508064516129032473e-01	2.157164869029275789e-01	5.907269716262817383e-01
8.532258064516129448e-01	2.157164869029275789e-01	5.792580842971801758e-01
8.532258064516129448e-01	2.187981510015408193e-01	5.761283636093139648e-01
8.612903225806451957e-01	2.187981510015408193e-01	5.405966639518737793e-01
8.612903225806451957e-01	2.218798151001540875e-01	5.361760854721069336e-01
8.620967741935483541e-01	2.218798151001540875e-01	5.341438055038452148e-01
8.620967741935483541e-01	2.234206471494607216e-01	5.334466695785522461e-01
8.629032258064516236e-01	2.234206471494607216e-01	5.334185361862182617e-01
8.629032258064516236e-01	2.249614791987673279e-01	5.277152061462402344e-01
8.653225806451613211e-01	2.249614791987673279e-01	5.135519504547119141e-01
8.653225806451613211e-01	2.280431432973805961e-01	5.086971521377563477e-01
8.661290322580644796e-01	2.280431432973805961e-01	5.082387924194335938e-01
8.661290322580644796e-01	2.295839753466872024e-01	5.082361698150634766e-01
8.677419354838710186e-01	2.295839753466872024e-01	4.993355572223663330e-01
8.677419354838710186e-01	2.311248073959938365e-01	4.973585605621337891e-01
8.709677419354838745e-01	2.311248073959938365e-01	4.755025506019592285e-01
8.709677419354838745e-01	2.403697996918335855e-01	4.665493965148925781e-01
8.717741935483871440e-01	2.403697996918335855e-01	4.617966413497924805e-01
8.717741935483871440e-01	2.419106317411402196e-01	4.615907967090606689e-01
8.725806451612903025e-01	2.419106317411402196e-01	4.561446011066436768e-01
8.725806451612903025e-01	2.465331278890600941e-01	4.516760706901550293e-01
8.733870967741935720e-01	2.465331278890600941e-01	4.486505091190338135e-01
8.733870967741935720e-01	2.511556240369799964e-01	4.384175837039947510e-01
8.741935483870967305e-01	2.511556240369799964e-01	4.363348782062530518e-01
8.741935483870967305e-01	2.526964560862866027e-01	4.350174069404602051e-01
8.766129032258064280e-01	2.526964560862866027e-01	4.305334687232971191e-01
8.766129032258064280e-01	2.542372881355932090e-01	4.298535883426666260e-01
8.782258064516128560e-01	2.542372881355932090e-01	4.274405539035797119e-01
8.782258064516128560e-01	2.557781201848998709e-01	4.175511002540588379e-01
8.790322580645161255e-01	2.557781201848998709e-01	4.175091981887817383e-01
8.790322580645161255e-01	2.604006163328197454e-01	4.152937829494476318e-01
8.806451612903225534e-01	2.604006163328197454e-01	4.090358912944793701e-01
8.806451612903225534e-01	2.634822804314329581e-01	4.058193862438201904e-01
8.814516129032258229e-01	2.634822804314329581e-01	4.046179056167602539e-01
8.814516129032258229e-01	2.665639445300462262e-01	3.972993195056915283e-01
8.822580645161289814e-01	2.665639445300462262e-01	3.948929607868194580e-01
8.822580645161289814e-01	2.681047765793528326e-01	3.922639191150665283e-01
8.830645161290322509e-01	2.681047765793528326e-01	3.890534639358520508e-01
8.830645161290322509e-01	2.696456086286594944e-01	3.865641355514526367e-01
8.838709677419355204e-01	2.696456086286594944e-01	3.811506927013397217e-01
8.838709677419355204e-01	2.727272727272727071e-01	3.793568015098571777e-01
8.879032258064516459e-01	2.727272727272727071e-01	3.719483315944671631e-01
8.879032258064516459e-01	2.742681047765793689e-01	3.701000511646270752e-01
8.895161290322580738e-01	2.742681047765793689e-01	3.673227131366729736e-01
8.895161290322580738e-01	2.773497688751925816e-01	3.635086417198181152e-01
8.903225806451613433e-01	2.773497688751925816e-01	3.597797453403472900e-01
8.903225806451613433e-01	2.804314329738058498e-01	3.558334708213806152e-01
8.927419354838709298e-01	2.804314329738058498e-01	3.436604142189025879e-01
8.927419354838709298e-01	2.835130970724191179e-01	3.373488187789916992e-01
8.959677419354838968e-01	2.835130970724191179e-01	3.326951563358306885e-01
8.959677419354838968e-01	2.850539291217257243e-01	3.326388001441955566e-01
9.000000000000000222e-01	2.850539291217257243e-01	3.231954574584960938e-01
9.000000000000000222e-01	3.050847457627118842e-01	3.024203479290008545e-01
9.008064516129031807e-01	3.050847457627118842e-01	3.014045357704162598e-01
9.008064516129031807e-01	3.158705701078582395e-01	2.911345064640045166e-01
9.016129032258064502e-01	3.158705701078582395e-01	2.910135388374328613e-01
9.016129032258064502e-01	3.174114021571648458e-01	2.876496315002441406e-01
9.040322580645161477e-01	3.174114021571648458e-01	2.838968634605407715e-01
9.040322580645161477e-01	3.189522342064715077e-01	2.834680080413818359e-01
9.048387096774193061e-01	3.189522342064715077e-01	2.834109365940093994e-01
9.048387096774193061e-01	3.266563944530045949e-01	2.704484462738037109e-01
9.080645161290322731e-01	3.266563944530045949e-01	2.605881392955780029e-01
9.080645161290322731e-01	3.281972265023112567e-01	2.581492364406585693e-01
9.104838709677419706e-01	3.281972265023112567e-01	2.482814490795135498e-01
9.104838709677419706e-01	3.312788906009245249e-01	2.479274719953536987e-01
9.112903225806451291e-01	3.312788906009245249e-01	2.474882453680038452e-01
9.112903225806451291e-01	3.328197226502311312e-01	2.469708174467086792e-01
9.129032258064516681e-01	3.328197226502311312e-01	2.433968931436538696e-01
9.129032258064516681e-01	3.343605546995377376e-01	2.424927949905395508e-01
9.137096774193548265e-01	3.343605546995377376e-01	2.412206530570983887e-01
9.137096774193548265e-01	3.374422187981510057e-01	2.364721149206161499e-01
9.153225806451612545e-01	3.374422187981510057e-01	2.351952940225601196e-01
9.153225806451612545e-01	3.405238828967642739e-01	2.322748899459838867e-01
9.161290322580645240e-01	3.405238828967642739e-01	2.315971255302429199e-01
9.161290322580645240e-01	3.436055469953774866e-01	2.284542322158813477e-01
9.185483870967742215e-01	3.436055469953774866e-01	2.235110849142074585e-01
9.185483870967742215e-01	3.466872110939907548e-01	2.205057442188262939e-01
9.193548387096773800e-01	3.466872110939907548e-01	2.187041938304901123e-01
9.193548387096773800e-01	3.528505392912172356e-01	2.095530033111572266e-01
9.217741935483870774e-01	3.528505392912172356e-01	2.087547034025192261e-01
9.217741935483870774e-01	3.574730354391371101e-01	2.012763172388076782e-01
9.225806451612903469e-01	3.574730354391371101e-01	1.970953643321990967e-01
9.225806451612903469e-01	3.590138674884437719e-01	1.954312920570373535e-01
9.282258064516129004e-01	3.590138674884437719e-01	1.791948825120925903e-01
9.282258064516129004e-01	3.620955315870569846e-01	1.742708832025527954e-01
9.290322580645161699e-01	3.620955315870569846e-01	1.742560863494873047e-01
9.290322580645161699e-01	3.667180277349769146e-01	1.686042845249176025e-01
9.298387096774193283e-01	3.667180277349769146e-01	1.678974032402038574e-01
9.298387096774193283e-01	3.697996918335901273e-01	1.660569459199905396e-01
9.306451612903225978e-01	3.697996918335901273e-01	1.642665416002273560e-01
9.306451612903225978e-01	3.728813559322033955e-01	1.579868495464324951e-01
9.314516129032257563e-01	3.728813559322033955e-01	1.574880778789520264e-01
9.314516129032257563e-01	3.805855161787365382e-01	1.506398916244506836e-01
9.322580645161290258e-01	3.805855161787365382e-01	1.491617858409881592e-01
9.322580645161290258e-01	3.836671802773497508e-01	1.474161297082901001e-01
9.330645161290322953e-01	3.836671802773497508e-01	1.457163095474243164e-01
9.330645161290322953e-01	3.867488443759630190e-01	1.430021375417709351e-01
9.338709677419354538e-01	3.867488443759630190e-01	1.426231861114501953e-01
9.338709677419354538e-01	3.882896764252696253e-01	1.407873928546905518e-01
9.346774193548387233e-01	3.882896764252696253e-01	1.406585872173309326e-01
9.346774193548387233e-01	3.898305084745762872e-01	1.400388628244400024e-01
9.354838709677418818e-01	3.898305084745762872e-01	1.397161781787872314e-01
9.354838709677418818e-01	3.944530046224961617e-01	1.357984393835067749e-01
9.379032258064515792e-01	3.944530046224961617e-01	1.329901069402694702e-01
9.379032258064515792e-01	3.975346687211093744e-01	1.276839822530746460e-01
9.387096774193548487e-01	3.975346687211093744e-01	1.252445280551910400e-01
9.387096774193548487e-01	3.990755007704160362e-01	1.249139383435249329e-01
9.411290322580645462e-01	3.990755007704160362e-01	1.216225698590278625e-01
9.411290322580645462e-01	4.006163328197226425e-01	1.214033737778663635e-01
9.419354838709677047e-01	4.006163328197226425e-01	1.195614039897918701e-01
9.419354838709677047e-01	4.021571648690292489e-01	1.174890995025634766e-01
9.427419354838709742e-01	4.021571648690292489e-01	1.169885918498039246e-01
9.427419354838709742e-01	4.036979969183359107e-01	1.163227483630180359e-01
9.443548387096774022e-01	4.036979969183359107e-01	1.138168722391128540e-01
9.443548387096774022e-01	4.052388289676425170e-01	1.108321174979209900e-01
9.451612903225806717e-01	4.052388289676425170e-01	1.084656268358230591e-01
9.451612903225806717e-01	4.083204930662557852e-01	1.072377711534500122e-01
9.459677419354838301e-01	4.083204930662557852e-01	1.031038165092468262e-01
9.459677419354838301e-01	4.160246533127889279e-01	1.007688045501708984e-01
9.467741935483870996e-01	4.160246533127889279e-01	1.007584705948829651e-01
9.467741935483870996e-01	4.221879815100154087e-01	9.846015274524688721e-02
9.475806451612903691e-01	4.221879815100154087e-01	9.807797521352767944e-02
9.475806451612903691e-01	4.237288135593220151e-01	9.560527652502059937e-02
9.483870967741935276e-01	4.237288135593220151e-01	9.511044621467590332e-02
9.483870967741935276e-01	4.252696456086286769e-01	9.472479671239852905e-02
9.491935483870967971e-01	4.252696456086286769e-01	9.403055161237716675e-02
9.491935483870967971e-01	4.283513097072418896e-01	9.295043349266052246e-02
9.499999999999999556e-01	4.283513097072418896e-01	9.185824543237686157e-02
9.499999999999999556e-01	4.329738058551617641e-01	8.738605678081512451e-02
9.508064516129032251e-01	4.329738058551617641e-01	8.641270548105239868e-02
9.508064516129032251e-01	4.406779661016949068e-01	8.365036547183990479e-02
9.524193548387096531e-01	4.406779661016949068e-01	8.289781212806701660e-02
9.524193548387096531e-01	4.437596302003081750e-01	8.247699588537216187e-02
9.532258064516129226e-01	4.437596302003081750e-01	8.229929208755493164e-02
9.532258064516129226e-01	4.453004622496147813e-01	8.203311264514923096e-02
9.540322580645160810e-01	4.453004622496147813e-01	8.004013448953628540e-02
9.540322580645160810e-01	4.514637904468413176e-01	7.670664787292480469e-02
9.556451612903226200e-01	4.514637904468413176e-01	7.548839598894119263e-02
9.556451612903226200e-01	4.560862865947611922e-01	7.329034060239791870e-02
9.564516129032257785e-01	4.560862865947611922e-01	7.291601598262786865e-02
9.564516129032257785e-01	4.637904468412942793e-01	7.010371237993240356e-02
9.572580645161290480e-01	4.637904468412942793e-01	6.987230479717254639e-02
9.572580645161290480e-01	4.699537750385208157e-01	6.848710030317306519e-02
9.580645161290322065e-01	4.699537750385208157e-01	6.808494031429290771e-02
9.580645161290322065e-01	4.730354391371340284e-01	6.722109764814376831e-02
9.588709677419354760e-01	4.730354391371340284e-01	6.717657297849655151e-02
9.588709677419354760e-01	4.776579352850539029e-01	6.624398380517959595e-02
9.596774193548387455e-01	4.776579352850539029e-01	6.602987647056579590e-02
9.596774193548387455e-01	4.822804314329738329e-01	6.567964702844619751e-02
9.604838709677419040e-01	4.822804314329738329e-01	6.522698700428009033e-02
9.604838709677419040e-01	4.853620955315870455e-01	6.460082530975341797e-02
9.612903225806451735e-01	4.853620955315870455e-01	6.378421187400817871e-02
9.612903225806451735e-01	4.915254237288135819e-01	6.067985668778419495e-02
9.620967741935483319e-01	4.915254237288135819e-01	6.058243289589881897e-02
9.620967741935483319e-01	4.930662557781201882e-01	6.022564694285392761e-02
9.629032258064516014e-01	4.930662557781201882e-01	6.022262945771217346e-02
9.629032258064516014e-01	4.946070878274267946e-01	5.902766063809394836e-02
9.653225806451612989e-01	4.946070878274267946e-01	5.712844058871269226e-02
9.653225806451612989e-01	5.038520801232665436e-01	5.528827011585235596e-02
9.661290322580645684e-01	5.038520801232665436e-01	5.498345568776130676e-02
9.661290322580645684e-01	5.100154083204930799e-01	5.107906088232994080e-02
9.677419354838709964e-01	5.100154083204930799e-01	5.045574530959129333e-02
9.677419354838709964e-01	5.115562403697997418e-01	4.975992068648338318e-02
9.685483870967741549e-01	5.115562403697997418e-01	4.973239824175834656e-02
9.685483870967741549e-01	5.161787365177196163e-01	4.808258637785911560e-02
9.693548387096774244e-01	5.161787365177196163e-01	4.802457988262176514e-02
9.693548387096774244e-01	5.269645608628659161e-01	4.467540606856346130e-02
9.709677419354838523e-01	5.269645608628659161e-01	4.379569739103317261e-02
9.709677419354838523e-01	5.285053929121725780e-01	4.379331320524215698e-02
9.717741935483871218e-01	5.285053929121725780e-01	4.292321950197219849e-02
9.717741935483871218e-01	5.392912172573189888e-01	3.906956687569618225e-02
9.725806451612902803e-01	5.392912172573189888e-01	3.884628415107727051e-02
9.725806451612902803e-01	5.408320493066255397e-01	3.832657635211944580e-02
9.733870967741935498e-01	5.408320493066255397e-01	3.757680952548980713e-02
9.733870967741935498e-01	5.423728813559322015e-01	3.730035573244094849e-02
9.741935483870968193e-01	5.423728813559322015e-01	3.686409071087837219e-02
9.741935483870968193e-01	5.469953775038520760e-01	3.523842990398406982e-02
9.749999999999999778e-01	5.469953775038520760e-01	3.388572111725807190e-02
9.749999999999999778e-01	5.593220338983050377e-01	3.306590393185615540e-02
9.758064516129032473e-01	5.593220338983050377e-01	3.273674100637435913e-02
9.758064516129032473e-01	5.639445300462249122e-01	3.125791251659393311e-02
9.790322580645161032e-01	5.639445300462249122e-01	2.939849346876144409e-02
9.790322580645161032e-01	5.701078582434514486e-01	2.826875820755958557e-02
9.798387096774193727e-01	5.701078582434514486e-01	2.796973288059234619e-02
9.798387096774193727e-01	5.885978428351309466e-01	2.371671795845031738e-02
9.814516129032258007e-01	5.885978428351309466e-01	2.365320920944213867e-02
9.814516129032258007e-01	6.101694915254237683e-01	2.016301266849040985e-02
9.822580645161290702e-01	6.101694915254237683e-01	2.011776901781558990e-02
9.822580645161290702e-01	6.147919876733436428e-01	1.950205676257610321e-02
9.870967741935483541e-01	6.147919876733436428e-01	1.898796483874320984e-02
9.870967741935483541e-01	6.317411402157164790e-01	1.674496196210384369e-02
9.879032258064516236e-01	6.317411402157164790e-01	1.641437597572803497e-02
9.879032258064516236e-01	6.348228043143296917e-01	1.636517234146595001e-02
9.895161290322580516e-01	6.348228043143296917e-01	1.546616572886705399e-02
9.895161290322580516e-01	6.456086286594761026e-01	1.336511783301830292e-02
9.903225806451613211e-01	6.456086286594761026e-01	1.318501587957143784e-02
9.903225806451613211e-01	6.687211093990754751e-01	1.095293369144201279e-02
9.911290322580644796e-01	6.687211093990754751e-01	1.083543896675109863e-02
9.911290322580644796e-01	6.718027734976887988e-01	1.065998058766126633e-02
9.919354838709677491e-01	6.718027734976887988e-01	1.032016146928071976e-02
9.919354838709677491e-01	6.856702619414484223e-01	8.596280589699745178e-03
9.927419354838710186e-01	6.856702619414484223e-01	8.546900004148483276e-03
9.927419354838710186e-01	6.979969183359013840e-01	7.788717281073331833e-03
9.935483870967741771e-01	6.979969183359013840e-01	7.745371665805578232e-03
9.935483870967741771e-01	7.010785824345145967e-01	7.637104950845241547e-03
9.943548387096774466e-01	7.010785824345145967e-01	7.378896698355674744e-03
9.943548387096774466e-01	7.026194144838212585e-01	7.362646982073783875e-03
9.951612903225806051e-01	7.026194144838212585e-01	7.307391148060560226e-03
9.951612903225806051e-01	7.057010785824344712e-01	7.143110036849975586e-03
9.959677419354838745e-01	7.057010785824344712e-01	7.138594053685665131e-03
9.959677419354838745e-01	7.103235747303543457e-01	6.615139078348875046e-03
9.967741935483871440e-01	7.103235747303543457e-01	6.492374464869499207e-03
9.967741935483871440e-01	8.012326656394452851e-01	1.883235061541199684e-03
9.975806451612903025e-01	8.012326656394452851e-01	1.788151217624545097e-03
9.975806451612903025e-01	8.120184899845916959e-01	1.474410295486450195e-03
9.983870967741935720e-01	8.120184899845916959e-01	1.469431794248521328e-03
9.983870967741935720e-01	8.921417565485362244e-01	3.822773287538439035e-04
9.991935483870967305e-01	8.921417565485362244e-01	3.815671952906996012e-04
9.991935483870967305e-01	9.029275808936826353e-01	2.943132712971419096e-04
1.000000000000000000e+00	9.029275808936826353e-01	2.941365819424390793e-04
1.000000000000000000e+00	1.000000000000000000e+00	9.134298579738242552e-07
