# False Positive Rate (FPR)	True Positive Rate (TPR)	Thresholds
0.000000000000000000e+00	0.000000000000000000e+00	inf
8.064516129032258058e-04	0.000000000000000000e+00	9.914285540580749512e-01
3.225806451612903223e-03	0.000000000000000000e+00	9.801903367042541504e-01
3.225806451612903223e-03	1.540832049306625632e-03	9.796534776687622070e-01
2.419354838709677352e-02	1.540832049306625632e-03	9.546310305595397949e-01
2.419354838709677352e-02	3.081664098613251263e-03	9.538774490356445312e-01
9.032258064516128504e-02	3.081664098613251263e-03	9.313561320304870605e-01
9.032258064516128504e-02	4.622496147919877112e-03	9.312614202499389648e-01
9.354838709677419650e-02	4.622496147919877112e-03	9.300770759582519531e-01
9.354838709677419650e-02	6.163328197226502526e-03	9.300419092178344727e-01
1.346774193548387066e-01	6.163328197226502526e-03	9.220256805419921875e-01
1.346774193548387066e-01	7.704160246533127941e-03	9.219646453857421875e-01
1.354838709677419484e-01	7.704160246533127941e-03	9.219119548797607422e-01
1.354838709677419484e-01	9.244992295839754223e-03	9.218935370445251465e-01
1.564516129032258174e-01	9.244992295839754223e-03	9.181343317031860352e-01
1.564516129032258174e-01	1.078582434514637964e-02	9.178474545478820801e-01
1.693548387096774077e-01	1.078582434514637964e-02	9.158633947372436523e-01
1.693548387096774077e-01	1.232665639445300505e-02	9.158129692077636719e-01
1.814516129032258118e-01	1.232665639445300505e-02	9.137133955955505371e-01
1.814516129032258118e-01	1.386748844375963047e-02	9.135969877243041992e-01
1.919354838709677324e-01	1.386748844375963047e-02	9.112735986709594727e-01
1.919354838709677324e-01	1.540832049306625588e-02	9.112632274627685547e-01
1.975806451612903136e-01	1.540832049306625588e-02	9.107555747032165527e-01
1.975806451612903136e-01	1.694915254237288130e-02	9.107457995414733887e-01
2.008064516129032251e-01	1.694915254237288130e-02	9.104162454605102539e-01
2.008064516129032251e-01	1.848998459167950845e-02	9.104139804840087891e-01
2.016129032258064391e-01	1.848998459167950845e-02	9.104086160659790039e-01
2.016129032258064391e-01	2.003081664098613213e-02	9.101679325103759766e-01
2.072580645161290203e-01	2.003081664098613213e-02	9.092974066734313965e-01
2.072580645161290203e-01	2.157164869029275928e-02	9.091456532478332520e-01
2.096774193548387177e-01	2.157164869029275928e-02	9.088896512985229492e-01
2.096774193548387177e-01	2.311248073959938296e-02	9.088360071182250977e-01
2.653225806451612878e-01	2.311248073959938296e-02	9.000277519226074219e-01
2.653225806451612878e-01	2.465331278890601011e-02	8.999984264373779297e-01
2.741935483870967527e-01	2.465331278890601011e-02	8.985476493835449219e-01
2.741935483870967527e-01	2.619414483821263379e-02	8.983576893806457520e-01
2.943548387096774355e-01	2.619414483821263379e-02	8.962504863739013672e-01
2.943548387096774355e-01	2.773497688751926094e-02	8.961661458015441895e-01
2.991935483870967749e-01	2.773497688751926094e-02	8.954189419746398926e-01
2.991935483870967749e-01	2.927580893682588462e-02	8.952250480651855469e-01
2.999999999999999889e-01	2.927580893682588462e-02	8.949648141860961914e-01
2.999999999999999889e-01	3.081664098613251176e-02	8.946961164474487305e-01
3.088709677419355093e-01	3.081664098613251176e-02	8.934123516082763672e-01
3.088709677419355093e-01	3.235747303543913544e-02	8.933349251747131348e-01
3.225806451612903136e-01	3.235747303543913544e-02	8.918272256851196289e-01
3.225806451612903136e-01	3.389830508474576259e-02	8.914282321929931641e-01
3.314516129032258340e-01	3.389830508474576259e-02	8.902843594551086426e-01
3.314516129032258340e-01	3.543913713405238974e-02	8.902204632759094238e-01
3.370967741935483875e-01	3.543913713405238974e-02	8.889958262443542480e-01
3.370967741935483875e-01	3.697996918335901689e-02	8.888085484504699707e-01
3.532258064516128893e-01	3.697996918335901689e-02	8.867428898811340332e-01
3.532258064516128893e-01	3.852080123266563710e-02	8.863087296485900879e-01
3.556451612903225867e-01	3.852080123266563710e-02	8.857300281524658203e-01
3.556451612903225867e-01	4.006163328197226425e-02	8.855029940605163574e-01
3.604838709677419262e-01	4.006163328197226425e-02	8.843501806259155273e-01
3.604838709677419262e-01	4.160246533127889140e-02	8.843029141426086426e-01
3.612903225806451402e-01	4.160246533127889140e-02	8.840118050575256348e-01
3.612903225806451402e-01	4.314329738058551855e-02	8.838760852813720703e-01
3.645161290322580516e-01	4.314329738058551855e-02	8.836475014686584473e-01
3.645161290322580516e-01	4.468412942989213876e-02	8.834419250488281250e-01
3.766129032258064280e-01	4.468412942989213876e-02	8.819423317909240723e-01
3.766129032258064280e-01	4.622496147919876591e-02	8.817730545997619629e-01
3.774193548387096975e-01	4.622496147919876591e-02	8.814579844474792480e-01
3.774193548387096975e-01	4.776579352850539306e-02	8.812916278839111328e-01
3.830645161290322509e-01	4.776579352850539306e-02	8.807988762855529785e-01
3.830645161290322509e-01	4.930662557781202021e-02	8.806999325752258301e-01
3.854838709677419484e-01	4.930662557781202021e-02	8.800685405731201172e-01
3.854838709677419484e-01	5.084745762711864736e-02	8.798248171806335449e-01
3.879032258064515903e-01	5.084745762711864736e-02	8.796006441116333008e-01
3.879032258064515903e-01	5.238828967642526757e-02	8.795039057731628418e-01
3.919354838709677158e-01	5.238828967642526757e-02	8.791820406913757324e-01
3.919354838709677158e-01	5.392912172573189472e-02	8.790084719657897949e-01
4.048387096774193616e-01	5.392912172573189472e-02	8.764035701751708984e-01
4.048387096774193616e-01	5.546995377503852187e-02	8.763782978057861328e-01
4.080645161290322731e-01	5.546995377503852187e-02	8.754060268402099609e-01
4.080645161290322731e-01	5.855161787365176923e-02	8.750179409980773926e-01
4.314516129032258118e-01	5.855161787365176923e-02	8.694826960563659668e-01
4.314516129032258118e-01	6.163328197226502353e-02	8.681944608688354492e-01
4.322580645161290258e-01	6.163328197226502353e-02	8.679500818252563477e-01
4.322580645161290258e-01	6.317411402157165068e-02	8.673881292343139648e-01
4.572580645161290480e-01	6.317411402157165068e-02	8.638146519660949707e-01
4.572580645161290480e-01	6.471494607087827089e-02	8.636884689331054688e-01
4.580645161290322620e-01	6.471494607087827089e-02	8.635409474372863770e-01
4.580645161290322620e-01	6.625577812018490498e-02	8.634161949157714844e-01
4.588709677419354760e-01	6.625577812018490498e-02	8.634075522422790527e-01
4.588709677419354760e-01	6.779661016949152519e-02	8.630642294883728027e-01
4.733870967741935498e-01	6.779661016949152519e-02	8.586718440055847168e-01
4.733870967741935498e-01	6.933744221879814540e-02	8.582646846771240234e-01
4.790322580645161032e-01	6.933744221879814540e-02	8.570545911788940430e-01
4.790322580645161032e-01	7.087827426810477949e-02	8.570194244384765625e-01
4.854838709677419262e-01	7.087827426810477949e-02	8.551945090293884277e-01
4.854838709677419262e-01	7.241910631741139970e-02	8.547802567481994629e-01
4.959677419354838745e-01	7.241910631741139970e-02	8.505371212959289551e-01
4.959677419354838745e-01	7.550077041602465400e-02	8.503327369689941406e-01
4.967741935483870885e-01	7.550077041602465400e-02	8.502711057662963867e-01
4.967741935483870885e-01	7.858243451463790830e-02	8.500851392745971680e-01
5.080645161290322509e-01	7.858243451463790830e-02	8.470970392227172852e-01
5.080645161290322509e-01	8.012326656394452851e-02	8.469770550727844238e-01
5.145161290322580738e-01	8.012326656394452851e-02	8.453168869018554688e-01
5.145161290322580738e-01	8.166409861325114872e-02	8.446195125579833984e-01
5.177419354838709298e-01	8.166409861325114872e-02	8.435227870941162109e-01
5.177419354838709298e-01	8.474576271186440302e-02	8.431714177131652832e-01
5.225806451612903247e-01	8.474576271186440302e-02	8.410072922706604004e-01
5.225806451612903247e-01	8.628659476117103710e-02	8.408647775650024414e-01
5.330645161290322731e-01	8.628659476117103710e-02	8.370857834815979004e-01
5.330645161290322731e-01	8.782742681047765732e-02	8.370323777198791504e-01
5.435483870967742215e-01	8.782742681047765732e-02	8.322776556015014648e-01
5.435483870967742215e-01	8.936825885978427753e-02	8.317165970802307129e-01
5.459677419354839190e-01	8.936825885978427753e-02	8.311075568199157715e-01
5.459677419354839190e-01	9.244992295839753182e-02	8.307268023490905762e-01
5.556451612903225978e-01	9.244992295839753182e-02	8.267983198165893555e-01
5.556451612903225978e-01	9.399075500770416591e-02	8.263580799102783203e-01
5.572580645161290258e-01	9.399075500770416591e-02	8.255296349525451660e-01
5.572580645161290258e-01	9.553158705701078612e-02	8.251732587814331055e-01
5.612903225806451513e-01	9.553158705701078612e-02	8.237918615341186523e-01
5.612903225806451513e-01	9.861325115562404042e-02	8.233969807624816895e-01
5.637096774193548487e-01	9.861325115562404042e-02	8.226590156555175781e-01
5.637096774193548487e-01	1.001540832049306606e-01	8.225213289260864258e-01
5.693548387096774022e-01	1.001540832049306606e-01	8.195488452911376953e-01
5.693548387096774022e-01	1.016949152542372947e-01	8.192933201789855957e-01
5.741935483870967971e-01	1.016949152542372947e-01	8.181928396224975586e-01
5.741935483870967971e-01	1.032357473035439149e-01	8.176820278167724609e-01
5.749999999999999556e-01	1.032357473035439149e-01	8.174555897712707520e-01
5.749999999999999556e-01	1.047765793528505351e-01	8.164279460906982422e-01
5.806451612903226200e-01	1.047765793528505351e-01	8.145169019699096680e-01
5.806451612903226200e-01	1.063174114021571692e-01	8.143807649612426758e-01
5.822580645161290480e-01	1.063174114021571692e-01	8.139604330062866211e-01
5.822580645161290480e-01	1.078582434514637894e-01	8.130211234092712402e-01
5.838709677419354760e-01	1.078582434514637894e-01	8.127850294113159180e-01
5.838709677419354760e-01	1.093990755007704097e-01	8.126595020294189453e-01
5.862903225806451735e-01	1.093990755007704097e-01	8.106512427330017090e-01
5.862903225806451735e-01	1.109399075500770437e-01	8.106116056442260742e-01
5.870967741935483319e-01	1.109399075500770437e-01	8.105885982513427734e-01
5.870967741935483319e-01	1.171032357473035385e-01	8.095294237136840820e-01
5.879032258064516014e-01	1.171032357473035385e-01	8.090386390686035156e-01
5.879032258064516014e-01	1.186440677966101725e-01	8.089495897293090820e-01
5.943548387096774244e-01	1.186440677966101725e-01	8.057932257652282715e-01
5.943548387096774244e-01	1.201848998459167928e-01	8.044297099113464355e-01
5.983870967741935498e-01	1.201848998459167928e-01	8.026546835899353027e-01
5.983870967741935498e-01	1.217257318952234268e-01	8.024480342864990234e-01
5.999999999999999778e-01	1.217257318952234268e-01	8.021922111511230469e-01
5.999999999999999778e-01	1.248073959938366673e-01	8.012529611587524414e-01
6.072580645161290702e-01	1.248073959938366673e-01	7.974268198013305664e-01
6.072580645161290702e-01	1.278890600924499354e-01	7.970184683799743652e-01
6.080645161290322287e-01	1.278890600924499354e-01	7.958787083625793457e-01
6.080645161290322287e-01	1.294298921417565418e-01	7.957140803337097168e-01
6.096774193548386567e-01	1.294298921417565418e-01	7.945801019668579102e-01
6.096774193548386567e-01	1.309707241910631759e-01	7.941378951072692871e-01
6.209677419354838745e-01	1.309707241910631759e-01	7.863465547561645508e-01
6.209677419354838745e-01	1.325115562403698100e-01	7.861467599868774414e-01
6.217741935483871440e-01	1.325115562403698100e-01	7.852743268013000488e-01
6.217741935483871440e-01	1.340523882896764163e-01	7.850615978240966797e-01
6.241935483870967305e-01	1.340523882896764163e-01	7.835000753402709961e-01
6.241935483870967305e-01	1.355932203389830504e-01	7.830599546432495117e-01
6.250000000000000000e-01	1.355932203389830504e-01	7.830595970153808594e-01
6.250000000000000000e-01	1.402157164869029249e-01	7.825897336006164551e-01
6.266129032258064280e-01	1.402157164869029249e-01	7.817516326904296875e-01
6.266129032258064280e-01	1.417565485362095590e-01	7.816123962402343750e-01
6.314516129032258229e-01	1.417565485362095590e-01	7.792590260505676270e-01
6.314516129032258229e-01	1.432973805855161653e-01	7.788324952125549316e-01
6.338709677419355204e-01	1.432973805855161653e-01	7.778680920600891113e-01
6.338709677419355204e-01	1.448382126348227994e-01	7.777764201164245605e-01
6.403225806451613433e-01	1.448382126348227994e-01	7.752812504768371582e-01
6.403225806451613433e-01	1.463790446841294335e-01	7.747706174850463867e-01
6.411290322580645018e-01	1.463790446841294335e-01	7.744843959808349609e-01
6.411290322580645018e-01	1.479198767334360676e-01	7.744843363761901855e-01
6.419354838709677713e-01	1.479198767334360676e-01	7.741894721984863281e-01
6.419354838709677713e-01	1.494607087827426739e-01	7.738379836082458496e-01
6.427419354838709298e-01	1.494607087827426739e-01	7.732797861099243164e-01
6.427419354838709298e-01	1.540832049306625484e-01	7.722228169441223145e-01
6.459677419354838968e-01	1.540832049306625484e-01	7.704967260360717773e-01
6.459677419354838968e-01	1.556240369799691825e-01	7.704725861549377441e-01
6.500000000000000222e-01	1.556240369799691825e-01	7.685035467147827148e-01
6.500000000000000222e-01	1.571648690292758166e-01	7.682229876518249512e-01
6.556451612903225756e-01	1.571648690292758166e-01	7.643936872482299805e-01
6.556451612903225756e-01	1.587057010785824229e-01	7.642437219619750977e-01
6.580645161290322731e-01	1.587057010785824229e-01	7.626246213912963867e-01
6.580645161290322731e-01	1.602465331278890570e-01	7.622182369232177734e-01
6.612903225806451291e-01	1.602465331278890570e-01	7.609201073646545410e-01
6.612903225806451291e-01	1.617873651771956911e-01	7.606411576271057129e-01
6.629032258064516681e-01	1.617873651771956911e-01	7.584574222564697266e-01
6.629032258064516681e-01	1.633281972265022974e-01	7.583949565887451172e-01
6.661290322580645240e-01	1.633281972265022974e-01	7.575286030769348145e-01
6.661290322580645240e-01	1.679506933744221997e-01	7.566861510276794434e-01
6.669354838709677935e-01	1.679506933744221997e-01	7.559057474136352539e-01
6.669354838709677935e-01	1.694915254237288060e-01	7.557205557823181152e-01
6.677419354838709520e-01	1.694915254237288060e-01	7.553869485855102539e-01
6.677419354838709520e-01	1.725731895223420742e-01	7.551856040954589844e-01
6.685483870967742215e-01	1.725731895223420742e-01	7.549920082092285156e-01
6.685483870967742215e-01	1.741140215716486805e-01	7.546911239624023438e-01
6.693548387096773800e-01	1.741140215716486805e-01	7.545663118362426758e-01
6.693548387096773800e-01	1.756548536209553146e-01	7.542831897735595703e-01
6.701612903225806495e-01	1.756548536209553146e-01	7.530645728111267090e-01
6.701612903225806495e-01	1.771956856702619487e-01	7.520003318786621094e-01
6.774193548387096309e-01	1.771956856702619487e-01	7.468422651290893555e-01
6.774193548387096309e-01	1.818181818181818232e-01	7.463685870170593262e-01
6.822580645161290258e-01	1.818181818181818232e-01	7.441977262496948242e-01
6.822580645161290258e-01	1.848998459167950636e-01	7.436529994010925293e-01
6.830645161290322953e-01	1.848998459167950636e-01	7.434059381484985352e-01
6.830645161290322953e-01	1.864406779661016977e-01	7.429066300392150879e-01
6.846774193548387233e-01	1.864406779661016977e-01	7.425338625907897949e-01
6.846774193548387233e-01	1.941448382126348127e-01	7.410502433776855469e-01
6.879032258064515792e-01	1.941448382126348127e-01	7.392595410346984863e-01
6.879032258064515792e-01	1.956856702619414468e-01	7.391768693923950195e-01
6.927419354838709742e-01	1.956856702619414468e-01	7.349428534507751465e-01
6.927419354838709742e-01	1.987673343605546872e-01	7.340773344039916992e-01
6.967741935483870996e-01	1.987673343605546872e-01	7.318722009658813477e-01
6.967741935483870996e-01	2.003081664098613213e-01	7.315096259117126465e-01
6.991935483870967971e-01	2.003081664098613213e-01	7.304159402847290039e-01
6.991935483870967971e-01	2.064714946070878299e-01	7.288864850997924805e-01
7.008064516129032251e-01	2.064714946070878299e-01	7.275896668434143066e-01
7.008064516129032251e-01	2.080123266563944640e-01	7.273765802383422852e-01
7.024193548387096531e-01	2.080123266563944640e-01	7.248339056968688965e-01
7.024193548387096531e-01	2.095531587057010703e-01	7.246509790420532227e-01
7.048387096774193505e-01	2.095531587057010703e-01	7.225312590599060059e-01
7.048387096774193505e-01	2.110939907550077044e-01	7.218853831291198730e-01
7.056451612903226200e-01	2.110939907550077044e-01	7.216579318046569824e-01
7.056451612903226200e-01	2.126348228043143385e-01	7.215635180473327637e-01
7.072580645161290480e-01	2.126348228043143385e-01	7.206118702888488770e-01
7.072580645161290480e-01	2.141756548536209448e-01	7.186704874038696289e-01
7.080645161290322065e-01	2.141756548536209448e-01	7.175319790840148926e-01
7.080645161290322065e-01	2.157164869029275789e-01	7.168523669242858887e-01
7.104838709677419040e-01	2.157164869029275789e-01	7.158252000808715820e-01
7.104838709677419040e-01	2.187981510015408193e-01	7.157502770423889160e-01
7.137096774193548709e-01	2.187981510015408193e-01	7.138296961784362793e-01
7.137096774193548709e-01	2.234206471494607216e-01	7.110141515731811523e-01
7.249999999999999778e-01	2.234206471494607216e-01	7.011131644248962402e-01
7.249999999999999778e-01	2.249614791987673279e-01	7.006894350051879883e-01
7.282258064516129448e-01	2.249614791987673279e-01	6.990721225738525391e-01
7.282258064516129448e-01	2.265023112480739620e-01	6.990398168563842773e-01
7.290322580645161032e-01	2.265023112480739620e-01	6.987381577491760254e-01
7.290322580645161032e-01	2.280431432973805961e-01	6.981003284454345703e-01
7.330645161290322287e-01	2.280431432973805961e-01	6.962121129035949707e-01
7.330645161290322287e-01	2.326656394453004706e-01	6.946724653244018555e-01
7.370967741935483541e-01	2.326656394453004706e-01	6.916266083717346191e-01
7.370967741935483541e-01	2.357473035439137110e-01	6.914219856262207031e-01
7.379032258064516236e-01	2.357473035439137110e-01	6.904231309890747070e-01
7.379032258064516236e-01	2.372881355932203451e-01	6.898049116134643555e-01
7.403225806451613211e-01	2.372881355932203451e-01	6.859980225563049316e-01
7.403225806451613211e-01	2.419106317411402196e-01	6.847280859947204590e-01
7.419354838709677491e-01	2.419106317411402196e-01	6.838459968566894531e-01
7.419354838709677491e-01	2.465331278890600941e-01	6.818341016769409180e-01
7.443548387096774466e-01	2.465331278890600941e-01	6.791416406631469727e-01
7.443548387096774466e-01	2.496147919876733345e-01	6.780430674552917480e-01
7.459677419354838745e-01	2.496147919876733345e-01	6.763104200363159180e-01
7.459677419354838745e-01	2.557781201848998709e-01	6.740275025367736816e-01
7.500000000000000000e-01	2.557781201848998709e-01	6.720029115676879883e-01
7.500000000000000000e-01	2.573189522342064772e-01	6.718927621841430664e-01
7.524193548387096975e-01	2.573189522342064772e-01	6.707781553268432617e-01
7.524193548387096975e-01	2.588597842835130836e-01	6.693636775016784668e-01
7.532258064516128560e-01	2.588597842835130836e-01	6.690815091133117676e-01
7.532258064516128560e-01	2.619414483821263517e-01	6.659584045410156250e-01
7.548387096774193949e-01	2.619414483821263517e-01	6.655160784721374512e-01
7.548387096774193949e-01	2.650231124807396199e-01	6.646622419357299805e-01
7.572580645161289814e-01	2.650231124807396199e-01	6.623597741127014160e-01
7.572580645161289814e-01	2.665639445300462262e-01	6.618860363960266113e-01
7.620967741935483764e-01	2.665639445300462262e-01	6.572253704071044922e-01
7.620967741935483764e-01	2.711864406779661008e-01	6.551274061203002930e-01
7.637096774193548043e-01	2.711864406779661008e-01	6.546534895896911621e-01
7.637096774193548043e-01	2.727272727272727071e-01	6.540269851684570312e-01
7.653225806451613433e-01	2.727272727272727071e-01	6.532329916954040527e-01
7.653225806451613433e-01	2.742681047765793689e-01	6.522759795188903809e-01
7.661290322580645018e-01	2.742681047765793689e-01	6.521288156509399414e-01
7.661290322580645018e-01	2.758089368258859753e-01	6.517853736877441406e-01
7.677419354838709298e-01	2.758089368258859753e-01	6.515742540359497070e-01
7.677419354838709298e-01	2.773497688751925816e-01	6.510649323463439941e-01
7.685483870967741993e-01	2.773497688751925816e-01	6.501310467720031738e-01
7.685483870967741993e-01	2.788906009244992434e-01	6.498050093650817871e-01
7.709677419354838968e-01	2.788906009244992434e-01	6.478073000907897949e-01
7.709677419354838968e-01	2.835130970724191179e-01	6.452926397323608398e-01
7.725806451612903247e-01	2.835130970724191179e-01	6.447110176086425781e-01
7.725806451612903247e-01	2.881355932203389925e-01	6.442794799804687500e-01
7.750000000000000222e-01	2.881355932203389925e-01	6.410583853721618652e-01
7.750000000000000222e-01	2.896764252696455988e-01	6.410186886787414551e-01
7.766129032258064502e-01	2.896764252696455988e-01	6.400263905525207520e-01
7.766129032258064502e-01	2.912172573189522606e-01	6.380100250244140625e-01
7.774193548387097197e-01	2.912172573189522606e-01	6.377984881401062012e-01
7.774193548387097197e-01	2.958397534668721351e-01	6.368131637573242188e-01
7.782258064516128782e-01	2.958397534668721351e-01	6.366527676582336426e-01
7.782258064516128782e-01	2.973805855161787415e-01	6.365284323692321777e-01
7.798387096774193061e-01	2.973805855161787415e-01	6.357923746109008789e-01
7.798387096774193061e-01	2.989214175654853478e-01	6.352341175079345703e-01
7.822580645161290036e-01	2.989214175654853478e-01	6.337881088256835938e-01
7.822580645161290036e-01	3.004622496147920097e-01	6.333546638488769531e-01
7.870967741935483986e-01	3.004622496147920097e-01	6.297703385353088379e-01
7.870967741935483986e-01	3.035439137134052223e-01	6.293153762817382812e-01
7.887096774193548265e-01	3.035439137134052223e-01	6.292893886566162109e-01
7.887096774193548265e-01	3.050847457627118842e-01	6.292667388916015625e-01
7.903225806451612545e-01	3.050847457627118842e-01	6.268078088760375977e-01
7.903225806451612545e-01	3.081664098613250968e-01	6.250094175338745117e-01
7.911290322580645240e-01	3.081664098613250968e-01	6.241162419319152832e-01
7.911290322580645240e-01	3.097072419106317587e-01	6.239306330680847168e-01
7.927419354838709520e-01	3.097072419106317587e-01	6.238490939140319824e-01
7.927419354838709520e-01	3.112480739599383650e-01	6.223584413528442383e-01
7.967741935483870774e-01	3.112480739599383650e-01	6.196970939636230469e-01
7.967741935483870774e-01	3.127889060092449713e-01	6.195736527442932129e-01
7.991935483870967749e-01	3.127889060092449713e-01	6.185142397880554199e-01
7.991935483870967749e-01	3.143297380585516332e-01	6.182525753974914551e-01
8.016129032258064724e-01	3.143297380585516332e-01	6.151221394538879395e-01
8.016129032258064724e-01	3.158705701078582395e-01	6.125629544258117676e-01
8.072580645161290258e-01	3.158705701078582395e-01	6.082266569137573242e-01
8.072580645161290258e-01	3.204930662557781140e-01	6.036141514778137207e-01
8.088709677419354538e-01	3.204930662557781140e-01	6.030823588371276855e-01
8.088709677419354538e-01	3.220338983050847204e-01	6.010627746582031250e-01
8.112903225806451513e-01	3.220338983050847204e-01	5.998151302337646484e-01
8.112903225806451513e-01	3.235747303543913822e-01	5.996539592742919922e-01
8.129032258064515792e-01	3.235747303543913822e-01	5.991071462631225586e-01
8.129032258064515792e-01	3.251155624036979885e-01	5.988479256629943848e-01
8.145161290322581182e-01	3.251155624036979885e-01	5.977413058280944824e-01
8.145161290322581182e-01	3.281972265023112567e-01	5.962609648704528809e-01
8.153225806451612767e-01	3.281972265023112567e-01	5.957069993019104004e-01
8.153225806451612767e-01	3.297380585516178630e-01	5.954717993736267090e-01
8.169354838709677047e-01	3.297380585516178630e-01	5.953099727630615234e-01
8.169354838709677047e-01	3.343605546995377376e-01	5.941855907440185547e-01
8.177419354838709742e-01	3.343605546995377376e-01	5.936730504035949707e-01
8.177419354838709742e-01	3.389830508474576121e-01	5.935145616531372070e-01
8.185483870967742437e-01	3.389830508474576121e-01	5.930426716804504395e-01
8.185483870967742437e-01	3.420647149460708802e-01	5.926324725151062012e-01
8.201612903225806717e-01	3.420647149460708802e-01	5.901826024055480957e-01
8.201612903225806717e-01	3.436055469953774866e-01	5.887666344642639160e-01
8.209677419354838301e-01	3.436055469953774866e-01	5.880474448204040527e-01
8.209677419354838301e-01	3.482280431432973611e-01	5.853883624076843262e-01
8.233870967741935276e-01	3.482280431432973611e-01	5.814922451972961426e-01
8.233870967741935276e-01	3.497688751926040229e-01	5.814591050148010254e-01
8.241935483870967971e-01	3.497688751926040229e-01	5.792154073715209961e-01
8.241935483870967971e-01	3.513097072419106293e-01	5.786228775978088379e-01
8.249999999999999556e-01	3.513097072419106293e-01	5.784491300582885742e-01
8.249999999999999556e-01	3.543913713405238974e-01	5.775928497314453125e-01
8.274193548387096531e-01	3.543913713405238974e-01	5.773099660873413086e-01
8.274193548387096531e-01	3.559322033898305038e-01	5.770552158355712891e-01
8.282258064516129226e-01	3.559322033898305038e-01	5.761946439743041992e-01
8.282258064516129226e-01	3.574730354391371101e-01	5.749024748802185059e-01
8.290322580645160810e-01	3.574730354391371101e-01	5.746299028396606445e-01
8.290322580645160810e-01	3.620955315870569846e-01	5.719926953315734863e-01
8.322580645161290480e-01	3.620955315870569846e-01	5.697969198226928711e-01
8.322580645161290480e-01	3.651771956856702528e-01	5.686345100402832031e-01
8.330645161290322065e-01	3.651771956856702528e-01	5.681249499320983887e-01
8.330645161290322065e-01	3.744221879815100018e-01	5.640495419502258301e-01
8.370967741935483319e-01	3.744221879815100018e-01	5.593985319137573242e-01
8.370967741935483319e-01	3.759630200308166637e-01	5.584083795547485352e-01
8.395161290322580294e-01	3.759630200308166637e-01	5.559884905815124512e-01
8.395161290322580294e-01	3.775038520801232700e-01	5.550491213798522949e-01
8.411290322580645684e-01	3.775038520801232700e-01	5.540013313293457031e-01
8.411290322580645684e-01	3.805855161787365382e-01	5.532064437866210938e-01
8.427419354838709964e-01	3.805855161787365382e-01	5.529060959815979004e-01
8.427419354838709964e-01	3.836671802773497508e-01	5.517083406448364258e-01
8.451612903225806939e-01	3.836671802773497508e-01	5.480046272277832031e-01
8.451612903225806939e-01	3.852080123266564127e-01	5.473821163177490234e-01
8.467741935483871218e-01	3.852080123266564127e-01	5.447102785110473633e-01
8.467741935483871218e-01	3.913713405238828935e-01	5.404619574546813965e-01
8.483870967741935498e-01	3.913713405238828935e-01	5.386791825294494629e-01
8.483870967741935498e-01	3.929121725731894998e-01	5.380908846855163574e-01
8.491935483870968193e-01	3.929121725731894998e-01	5.372884273529052734e-01
8.491935483870968193e-01	3.944530046224961617e-01	5.355571508407592773e-01
8.499999999999999778e-01	3.944530046224961617e-01	5.338588356971740723e-01
8.499999999999999778e-01	3.959938366718027680e-01	5.335574150085449219e-01
8.516129032258064058e-01	3.959938366718027680e-01	5.329110622406005859e-01
8.516129032258064058e-01	3.975346687211093744e-01	5.316621065139770508e-01
8.548387096774193727e-01	3.975346687211093744e-01	5.282570719718933105e-01
8.548387096774193727e-01	4.021571648690292489e-01	5.246428847312927246e-01
8.572580645161290702e-01	4.021571648690292489e-01	5.221487879753112793e-01
8.572580645161290702e-01	4.036979969183359107e-01	5.213541984558105469e-01
8.596774193548386567e-01	4.036979969183359107e-01	5.183904170989990234e-01
8.596774193548386567e-01	4.052388289676425170e-01	5.168417096138000488e-01
8.604838709677419262e-01	4.052388289676425170e-01	5.162287354469299316e-01
8.604838709677419262e-01	4.083204930662557852e-01	5.140650868415832520e-01
8.612903225806451957e-01	4.083204930662557852e-01	5.126169323921203613e-01
8.612903225806451957e-01	4.114021571648690534e-01	5.117972493171691895e-01
8.620967741935483541e-01	4.114021571648690534e-01	5.101478695869445801e-01
8.620967741935483541e-01	4.129429892141756597e-01	5.062665343284606934e-01
8.629032258064516236e-01	4.129429892141756597e-01	5.057984590530395508e-01
8.629032258064516236e-01	4.144838212634822661e-01	5.043235421180725098e-01
8.637096774193548931e-01	4.144838212634822661e-01	5.042503476142883301e-01
8.637096774193548931e-01	4.191063174114021406e-01	5.001020431518554688e-01
8.661290322580644796e-01	4.191063174114021406e-01	4.970118701457977295e-01
8.661290322580644796e-01	4.221879815100154087e-01	4.953603148460388184e-01
8.669354838709677491e-01	4.221879815100154087e-01	4.949368834495544434e-01
8.669354838709677491e-01	4.252696456086286769e-01	4.946317076683044434e-01
8.701612903225806051e-01	4.252696456086286769e-01	4.887602627277374268e-01
8.701612903225806051e-01	4.268104776579352833e-01	4.881214201450347900e-01
8.709677419354838745e-01	4.268104776579352833e-01	4.873422384262084961e-01
8.709677419354838745e-01	4.314329738058551578e-01	4.859012067317962646e-01
8.725806451612903025e-01	4.314329738058551578e-01	4.851413369178771973e-01
8.725806451612903025e-01	4.329738058551617641e-01	4.850084781646728516e-01
8.741935483870967305e-01	4.329738058551617641e-01	4.830510914325714111e-01
8.741935483870967305e-01	4.406779661016949068e-01	4.789879620075225830e-01
8.750000000000000000e-01	4.406779661016949068e-01	4.784091711044311523e-01
8.750000000000000000e-01	4.453004622496147813e-01	4.747535586357116699e-01
8.774193548387096975e-01	4.453004622496147813e-01	4.728020429611206055e-01
8.774193548387096975e-01	4.530046224961479240e-01	4.674426913261413574e-01
8.782258064516128560e-01	4.530046224961479240e-01	4.670504629611968994e-01
8.782258064516128560e-01	4.545454545454545303e-01	4.640791416168212891e-01
8.798387096774193949e-01	4.545454545454545303e-01	4.624382853507995605e-01
8.798387096774193949e-01	4.560862865947611922e-01	4.618757367134094238e-01
8.806451612903225534e-01	4.560862865947611922e-01	4.610013365745544434e-01
8.806451612903225534e-01	4.576271186440677985e-01	4.604608714580535889e-01
8.822580645161289814e-01	4.576271186440677985e-01	4.568927586078643799e-01
8.822580645161289814e-01	4.591679506933744048e-01	4.565177261829376221e-01
8.846774193548386789e-01	4.591679506933744048e-01	4.556307494640350342e-01
8.846774193548386789e-01	4.607087827426810667e-01	4.554789364337921143e-01
8.854838709677419484e-01	4.607087827426810667e-01	4.551984071731567383e-01
8.854838709677419484e-01	4.622496147919876730e-01	4.549468755722045898e-01
8.870967741935483764e-01	4.622496147919876730e-01	4.534642100334167480e-01
8.870967741935483764e-01	4.637904468412942793e-01	4.507557451725006104e-01
8.879032258064516459e-01	4.637904468412942793e-01	4.507213532924652100e-01
8.879032258064516459e-01	4.653312788906009412e-01	4.491205215454101562e-01
8.887096774193548043e-01	4.653312788906009412e-01	4.482685029506683350e-01
8.887096774193548043e-01	4.714946070878274220e-01	4.464821517467498779e-01
8.895161290322580738e-01	4.714946070878274220e-01	4.463935196399688721e-01
8.895161290322580738e-01	4.791987673343605647e-01	4.428173601627349854e-01
8.903225806451613433e-01	4.791987673343605647e-01	4.422901570796966553e-01
8.903225806451613433e-01	4.838212634822804392e-01	4.391419887542724609e-01
8.951612903225806273e-01	4.838212634822804392e-01	4.363937377929687500e-01
8.951612903225806273e-01	4.853620955315870455e-01	4.363512396812438965e-01
8.959677419354838968e-01	4.853620955315870455e-01	4.348728060722351074e-01
8.959677419354838968e-01	4.884437596302003137e-01	4.328470826148986816e-01
8.967741935483870552e-01	4.884437596302003137e-01	4.324729442596435547e-01
8.967741935483870552e-01	4.899845916795069201e-01	4.312431216239929199e-01
8.983870967741935942e-01	4.899845916795069201e-01	4.298087954521179199e-01
8.983870967741935942e-01	4.930662557781201882e-01	4.254705607891082764e-01
9.008064516129031807e-01	4.930662557781201882e-01	4.227581918239593506e-01
9.008064516129031807e-01	4.946070878274267946e-01	4.227413237094879150e-01
9.016129032258064502e-01	4.946070878274267946e-01	4.226359724998474121e-01
9.016129032258064502e-01	4.961479198767334564e-01	4.222834408283233643e-01
9.024193548387097197e-01	4.961479198767334564e-01	4.194697141647338867e-01
9.024193548387097197e-01	5.007704160246533309e-01	4.180143773555755615e-01
9.040322580645161477e-01	5.007704160246533309e-01	4.165314435958862305e-01
9.040322580645161477e-01	5.038520801232665436e-01	4.139198362827301025e-01
9.048387096774193061e-01	5.038520801232665436e-01	4.107152521610260010e-01
9.048387096774193061e-01	5.053929121725732054e-01	4.103588759899139404e-01
9.056451612903225756e-01	5.053929121725732054e-01	4.084729254245758057e-01
9.056451612903225756e-01	5.084745762711864181e-01	4.065109491348266602e-01
9.072580645161290036e-01	5.084745762711864181e-01	4.048311114311218262e-01
9.072580645161290036e-01	5.100154083204930799e-01	4.043523371219635010e-01
9.080645161290322731e-01	5.100154083204930799e-01	4.019868671894073486e-01
9.080645161290322731e-01	5.130970724191062926e-01	4.004730582237243652e-01
9.104838709677419706e-01	5.130970724191062926e-01	3.959819376468658447e-01
9.104838709677419706e-01	5.208012326656394908e-01	3.923167884349822998e-01
9.112903225806451291e-01	5.208012326656394908e-01	3.917408883571624756e-01
9.112903225806451291e-01	5.223420647149460416e-01	3.901025652885437012e-01
9.120967741935483986e-01	5.223420647149460416e-01	3.890077173709869385e-01
9.120967741935483986e-01	5.238828967642527035e-01	3.888055384159088135e-01
9.129032258064516681e-01	5.238828967642527035e-01	3.884150087833404541e-01
9.129032258064516681e-01	5.254237288135593653e-01	3.881794810295104980e-01
9.137096774193548265e-01	5.254237288135593653e-01	3.874323368072509766e-01
9.137096774193548265e-01	5.331278890600924525e-01	3.794985413551330566e-01
9.161290322580645240e-01	5.331278890600924525e-01	3.772163987159729004e-01
9.161290322580645240e-01	5.377503852080123270e-01	3.737045228481292725e-01
9.177419354838709520e-01	5.377503852080123270e-01	3.733991682529449463e-01
9.177419354838709520e-01	5.392912172573189888e-01	3.733171522617340088e-01
9.185483870967742215e-01	5.392912172573189888e-01	3.730160892009735107e-01
9.185483870967742215e-01	5.423728813559322015e-01	3.685606420040130615e-01
9.193548387096773800e-01	5.423728813559322015e-01	3.656919300556182861e-01
9.193548387096773800e-01	5.454545454545454142e-01	3.646753132343292236e-01
9.209677419354839190e-01	5.454545454545454142e-01	3.628946840763092041e-01
9.209677419354839190e-01	5.469953775038520760e-01	3.617389202117919922e-01
9.217741935483870774e-01	5.469953775038520760e-01	3.612456619739532471e-01
9.217741935483870774e-01	5.500770416024652887e-01	3.578449785709381104e-01
9.225806451612903469e-01	5.500770416024652887e-01	3.574618101119995117e-01
9.225806451612903469e-01	5.531587057010786124e-01	3.568422198295593262e-01
9.241935483870967749e-01	5.531587057010786124e-01	3.564943671226501465e-01
9.241935483870967749e-01	5.546995377503851632e-01	3.558279871940612793e-01
9.250000000000000444e-01	5.546995377503851632e-01	3.555056750774383545e-01
9.250000000000000444e-01	5.562403697996918250e-01	3.549803793430328369e-01
9.258064516129032029e-01	5.562403697996918250e-01	3.546935617923736572e-01
9.258064516129032029e-01	5.593220338983050377e-01	3.525650501251220703e-01
9.274193548387096309e-01	5.593220338983050377e-01	3.512677550315856934e-01
9.274193548387096309e-01	5.608628659476116995e-01	3.510608971118927002e-01
9.282258064516129004e-01	5.608628659476116995e-01	3.506109714508056641e-01
9.282258064516129004e-01	5.624036979969183614e-01	3.498873710632324219e-01
9.322580645161290258e-01	5.624036979969183614e-01	3.431124687194824219e-01
9.322580645161290258e-01	5.654853620955315741e-01	3.423786461353302002e-01
9.338709677419354538e-01	5.654853620955315741e-01	3.398433327674865723e-01
9.338709677419354538e-01	5.855161787365177339e-01	3.278186917304992676e-01
9.346774193548387233e-01	5.855161787365177339e-01	3.264758586883544922e-01
9.346774193548387233e-01	5.932203389830508211e-01	3.195677995681762695e-01
9.354838709677418818e-01	5.932203389830508211e-01	3.161994218826293945e-01
9.354838709677418818e-01	5.947611710323574830e-01	3.144818544387817383e-01
9.362903225806451513e-01	5.947611710323574830e-01	3.130018413066864014e-01
9.362903225806451513e-01	5.993836671802773575e-01	3.115781247615814209e-01
9.370967741935484208e-01	5.993836671802773575e-01	3.102527260780334473e-01
9.370967741935484208e-01	6.040061633281972320e-01	3.071574866771697998e-01
9.379032258064515792e-01	6.040061633281972320e-01	3.051956295967102051e-01
9.379032258064515792e-01	6.055469953775038938e-01	3.041838407516479492e-01
9.387096774193548487e-01	6.055469953775038938e-01	3.034502565860748291e-01
9.387096774193548487e-01	6.070878274268104446e-01	3.024604320526123047e-01
9.395161290322581182e-01	6.070878274268104446e-01	3.015280365943908691e-01
9.395161290322581182e-01	6.101694915254237683e-01	3.005833625793457031e-01
9.411290322580645462e-01	6.101694915254237683e-01	2.995889186859130859e-01
9.411290322580645462e-01	6.117103235747303192e-01	2.991206347942352295e-01
9.427419354838709742e-01	6.117103235747303192e-01	2.974883019924163818e-01
9.427419354838709742e-01	6.209553158705700682e-01	2.882822751998901367e-01
9.435483870967742437e-01	6.209553158705700682e-01	2.880049049854278564e-01
9.435483870967742437e-01	6.224961479198767300e-01	2.871388792991638184e-01
9.443548387096774022e-01	6.224961479198767300e-01	2.866400182247161865e-01
9.443548387096774022e-01	6.286594761171032664e-01	2.854747474193572998e-01
9.451612903225806717e-01	6.286594761171032664e-01	2.844118773937225342e-01
9.451612903225806717e-01	6.394453004622495662e-01	2.756218016147613525e-01
9.475806451612903691e-01	6.394453004622495662e-01	2.744556665420532227e-01
9.475806451612903691e-01	6.456086286594761026e-01	2.697905302047729492e-01
9.483870967741935276e-01	6.456086286594761026e-01	2.685623168945312500e-01
9.483870967741935276e-01	6.471494607087827644e-01	2.683548033237457275e-01
9.491935483870967971e-01	6.471494607087827644e-01	2.673576474189758301e-01
9.491935483870967971e-01	6.486902927580893152e-01	2.665186524391174316e-01
9.499999999999999556e-01	6.486902927580893152e-01	2.652220726013183594e-01
9.499999999999999556e-01	6.533127889060091897e-01	2.631270289421081543e-01
9.516129032258064946e-01	6.533127889060091897e-01	2.603207528591156006e-01
9.516129032258064946e-01	6.594761171032357261e-01	2.580460011959075928e-01
9.524193548387096531e-01	6.594761171032357261e-01	2.573703527450561523e-01
9.524193548387096531e-01	6.610169491525423879e-01	2.573047280311584473e-01
9.540322580645160810e-01	6.610169491525423879e-01	2.550082206726074219e-01
9.540322580645160810e-01	6.671802773497689243e-01	2.523417472839355469e-01
9.556451612903226200e-01	6.671802773497689243e-01	2.511316239833831787e-01
9.556451612903226200e-01	6.687211093990754751e-01	2.508775889873504639e-01
9.572580645161290480e-01	6.687211093990754751e-01	2.506821453571319580e-01
9.572580645161290480e-01	6.718027734976887988e-01	2.487797141075134277e-01
9.580645161290322065e-01	6.718027734976887988e-01	2.484324276447296143e-01
9.580645161290322065e-01	6.902927580893682968e-01	2.386863976716995239e-01
9.588709677419354760e-01	6.902927580893682968e-01	2.385327517986297607e-01
9.588709677419354760e-01	6.949152542372881713e-01	2.310564219951629639e-01
9.596774193548387455e-01	6.949152542372881713e-01	2.297868132591247559e-01
9.596774193548387455e-01	6.964560862865947222e-01	2.297008782625198364e-01
9.604838709677419040e-01	6.964560862865947222e-01	2.295400649309158325e-01
9.604838709677419040e-01	7.026194144838212585e-01	2.267521172761917114e-01
9.612903225806451735e-01	7.026194144838212585e-01	2.258681058883666992e-01
9.612903225806451735e-01	7.041602465331279204e-01	2.257544547319412231e-01
9.620967741935483319e-01	7.041602465331279204e-01	2.254763543605804443e-01
9.620967741935483319e-01	7.072419106317411330e-01	2.251985967159271240e-01
9.629032258064516014e-01	7.072419106317411330e-01	2.251023501157760620e-01
9.629032258064516014e-01	7.103235747303543457e-01	2.250704467296600342e-01
9.645161290322580294e-01	7.103235747303543457e-01	2.236976325511932373e-01
9.645161290322580294e-01	7.241910631741139692e-01	2.150957584381103516e-01
9.653225806451612989e-01	7.241910631741139692e-01	2.149571329355239868e-01
9.653225806451612989e-01	7.288135593220338437e-01	2.112118899822235107e-01
9.661290322580645684e-01	7.288135593220338437e-01	2.076722085475921631e-01
9.661290322580645684e-01	7.318952234206471674e-01	2.060949802398681641e-01
9.677419354838709964e-01	7.318952234206471674e-01	2.030756473541259766e-01
9.677419354838709964e-01	7.519260400616333273e-01	1.886433809995651245e-01
9.685483870967741549e-01	7.519260400616333273e-01	1.886361092329025269e-01
9.685483870967741549e-01	7.534668721109398781e-01	1.850658804178237915e-01
9.701612903225806939e-01	7.534668721109398781e-01	1.830570250749588013e-01
9.701612903225806939e-01	7.627118644067796271e-01	1.774714291095733643e-01
9.709677419354838523e-01	7.627118644067796271e-01	1.774370223283767700e-01
9.709677419354838523e-01	7.642526964560862890e-01	1.773858666419982910e-01
9.717741935483871218e-01	7.642526964560862890e-01	1.769513934850692749e-01
9.717741935483871218e-01	7.673343605546995017e-01	1.761706173419952393e-01
9.725806451612902803e-01	7.673343605546995017e-01	1.750476509332656860e-01
9.725806451612902803e-01	7.719568567026193762e-01	1.726213395595550537e-01
9.733870967741935498e-01	7.719568567026193762e-01	1.718572229146957397e-01
9.733870967741935498e-01	7.827426810477657870e-01	1.669691205024719238e-01
9.741935483870968193e-01	7.827426810477657870e-01	1.668520122766494751e-01
9.741935483870968193e-01	7.935285053929121979e-01	1.566445231437683105e-01
9.749999999999999778e-01	7.935285053929121979e-01	1.563909053802490234e-01
9.749999999999999778e-01	7.950693374422187487e-01	1.536322087049484253e-01
9.758064516129032473e-01	7.950693374422187487e-01	1.523520201444625854e-01
9.758064516129032473e-01	7.966101694915254106e-01	1.522365510463714600e-01
9.766129032258064058e-01	7.966101694915254106e-01	1.516697406768798828e-01
9.766129032258064058e-01	8.135593220338983578e-01	1.360739618539810181e-01
9.774193548387096753e-01	8.135593220338983578e-01	1.354572176933288574e-01
9.774193548387096753e-01	8.335901386748844066e-01	1.234705224633216858e-01
9.782258064516129448e-01	8.335901386748844066e-01	1.233359426259994507e-01
9.782258064516129448e-01	8.397534668721109430e-01	1.187082231044769287e-01
9.798387096774193727e-01	8.397534668721109430e-01	1.183848977088928223e-01
9.798387096774193727e-01	8.412942989214176048e-01	1.154326871037483215e-01
9.806451612903225312e-01	8.412942989214176048e-01	1.097780019044876099e-01
9.806451612903225312e-01	8.459167950693374793e-01	1.065613925457000732e-01
9.814516129032258007e-01	8.459167950693374793e-01	1.064525544643402100e-01
9.814516129032258007e-01	8.659476117103235282e-01	9.790592640638351440e-02
9.822580645161290702e-01	8.659476117103235282e-01	9.768413007259368896e-02
9.822580645161290702e-01	8.705701078582434027e-01	9.730400890111923218e-02
9.830645161290322287e-01	8.705701078582434027e-01	9.683883190155029297e-02
9.830645161290322287e-01	8.736517719568567264e-01	9.514950960874557495e-02
9.838709677419354982e-01	8.736517719568567264e-01	9.508191049098968506e-02
9.838709677419354982e-01	8.767334360554699391e-01	9.428837895393371582e-02
9.846774193548386567e-01	8.767334360554699391e-01	9.366035461425781250e-02
9.846774193548386567e-01	8.828967642526964754e-01	9.024649858474731445e-02
9.862903225806451957e-01	8.828967642526964754e-01	8.918739110231399536e-02
9.862903225806451957e-01	8.967642526964560989e-01	8.347094058990478516e-02
9.870967741935483541e-01	8.967642526964560989e-01	8.179393410682678223e-02
9.870967741935483541e-01	8.983050847457627608e-01	8.161089569330215454e-02
9.879032258064516236e-01	8.983050847457627608e-01	8.063765615224838257e-02
9.879032258064516236e-01	8.998459167950693116e-01	7.980554550886154175e-02
9.887096774193548931e-01	8.998459167950693116e-01	7.851329445838928223e-02
9.887096774193548931e-01	9.013867488443759735e-01	7.824437320232391357e-02
9.903225806451613211e-01	9.013867488443759735e-01	7.778236269950866699e-02
9.903225806451613211e-01	9.075500770416025098e-01	7.531187683343887329e-02
9.919354838709677491e-01	9.075500770416025098e-01	7.164581865072250366e-02
9.919354838709677491e-01	9.152542372881355970e-01	6.783754378557205200e-02
9.927419354838710186e-01	9.152542372881355970e-01	6.760464608669281006e-02
9.927419354838710186e-01	9.229583975346686842e-01	5.895906314253807068e-02
9.951612903225806051e-01	9.229583975346686842e-01	5.179116874933242798e-02
9.951612903225806051e-01	9.399075500770416314e-01	4.169000685214996338e-02
9.959677419354838745e-01	9.399075500770416314e-01	3.956218063831329346e-02
9.959677419354838745e-01	9.460708782742680567e-01	3.444219380617141724e-02
9.967741935483871440e-01	9.460708782742680567e-01	3.422204032540321350e-02
9.967741935483871440e-01	9.537750385208012549e-01	3.070072084665298462e-02
9.975806451612903025e-01	9.537750385208012549e-01	3.027790226042270660e-02
9.975806451612903025e-01	9.568567026194144676e-01	2.971850335597991943e-02
9.983870967741935720e-01	9.568567026194144676e-01	2.764647826552391052e-02
9.983870967741935720e-01	9.784283513097072893e-01	1.854668930172920227e-02
9.991935483870967305e-01	9.784283513097072893e-01	1.507712434977293015e-02
9.991935483870967305e-01	9.861325115562403765e-01	1.273628789931535721e-02
1.000000000000000000e+00	9.861325115562403765e-01	1.092423871159553528e-02
1.000000000000000000e+00	1.000000000000000000e+00	2.681975252926349640e-03
