# False Positive Rate (FPR)	True Positive Rate (TPR)	Thresholds
0.000000000000000000e+00	0.000000000000000000e+00	inf
1.464128843338213803e-03	0.000000000000000000e+00	9.997524619102478027e-01
8.345534407027818680e-02	0.000000000000000000e+00	9.993926286697387695e-01
8.638360175695461440e-02	0.000000000000000000e+00	9.993829727172851562e-01
1.991215226939970773e-01	0.000000000000000000e+00	9.989474415779113770e-01
2.020497803806735049e-01	0.000000000000000000e+00	9.989425539970397949e-01
2.518301610541727742e-01	0.000000000000000000e+00	9.987285733222961426e-01
2.547584187408492018e-01	0.000000000000000000e+00	9.987022876739501953e-01
2.562225475841873878e-01	0.000000000000000000e+00	9.987008571624755859e-01
2.562225475841873878e-01	1.075268817204301161e-02	9.986610412597656250e-01
2.664714494875549122e-01	1.075268817204301161e-02	9.986253976821899414e-01
2.693997071742313398e-01	1.075268817204301161e-02	9.986168146133422852e-01
3.089311859443630848e-01	1.075268817204301161e-02	9.983835220336914062e-01
3.118594436310395124e-01	1.075268817204301161e-02	9.983768463134765625e-01
3.455344070278184576e-01	1.075268817204301161e-02	9.981125593185424805e-01
3.455344070278184576e-01	1.612903225806451568e-02	9.981004595756530762e-01
3.587115666178623541e-01	1.612903225806451568e-02	9.979612827301025391e-01
3.587115666178623541e-01	2.150537634408602322e-02	9.979311227798461914e-01
3.850658857979502026e-01	2.150537634408602322e-02	9.973551034927368164e-01
3.850658857979502026e-01	2.688172043010752729e-02	9.973279237747192383e-01
4.743777452415812723e-01	2.688172043010752729e-02	9.952892065048217773e-01
4.743777452415812723e-01	3.225806451612903136e-02	9.952797889709472656e-01
5.007320644216690653e-01	3.225806451612903136e-02	9.943611621856689453e-01
5.007320644216690653e-01	3.763440860215053890e-02	9.941970109939575195e-01
5.490483162518301485e-01	3.763440860215053890e-02	9.913269877433776855e-01
5.490483162518301485e-01	4.301075268817204644e-02	9.910939335823059082e-01
5.636896046852123421e-01	4.301075268817204644e-02	9.897432923316955566e-01
5.636896046852123421e-01	4.838709677419354704e-02	9.897010326385498047e-01
5.739385065885798110e-01	4.838709677419354704e-02	9.888302683830261230e-01
5.739385065885798110e-01	5.376344086021505458e-02	9.887574315071105957e-01
5.929721815519766182e-01	5.376344086021505458e-02	9.864252805709838867e-01
5.929721815519766182e-01	5.913978494623656212e-02	9.864081144332885742e-01
6.032210834553440870e-01	5.913978494623656212e-02	9.855878353118896484e-01
6.032210834553440870e-01	6.451612903225806273e-02	9.855816960334777832e-01
6.090775988286969422e-01	6.451612903225806273e-02	9.850267767906188965e-01
6.090775988286969422e-01	6.989247311827956333e-02	9.849407076835632324e-01
6.251830161054172663e-01	6.989247311827956333e-02	9.823399186134338379e-01
6.251830161054172663e-01	7.526881720430107781e-02	9.819571971893310547e-01
6.368960468521229767e-01	7.526881720430107781e-02	9.800134897232055664e-01
6.368960468521229767e-01	8.064516129032257841e-02	9.795613884925842285e-01
6.617862371888726392e-01	8.064516129032257841e-02	9.763467311859130859e-01
6.617862371888726392e-01	8.602150537634409289e-02	9.761981368064880371e-01
6.734992679355783496e-01	8.602150537634409289e-02	9.724478125572204590e-01
6.734992679355783496e-01	9.677419354838709409e-02	9.709445834159851074e-01
7.057101024890189978e-01	9.677419354838709409e-02	9.604676365852355957e-01
7.057101024890189978e-01	1.021505376344086086e-01	9.584731459617614746e-01
7.086383601756954809e-01	1.021505376344086086e-01	9.582892060279846191e-01
7.086383601756954809e-01	1.075268817204301092e-01	9.579547047615051270e-01
7.115666178623718530e-01	1.075268817204301092e-01	9.559161663055419922e-01
7.115666178623718530e-01	1.129032258064516098e-01	9.551345705986022949e-01
7.437774524158126122e-01	1.129032258064516098e-01	9.293547868728637695e-01
7.437774524158126122e-01	1.236559139784946248e-01	9.229677319526672363e-01
7.540263543191800810e-01	1.236559139784946248e-01	9.136208295822143555e-01
7.540263543191800810e-01	1.290322580645161255e-01	9.117369651794433594e-01
7.584187408491946947e-01	1.290322580645161255e-01	9.061439037322998047e-01
7.584187408491946947e-01	1.344086021505376261e-01	9.055832624435424805e-01
7.598828696925329362e-01	1.344086021505376261e-01	9.024989008903503418e-01
7.598828696925329362e-01	1.505376344086021556e-01	8.952569961547851562e-01
7.613469985358711778e-01	1.505376344086021556e-01	8.950209617614746094e-01
7.613469985358711778e-01	1.559139784946236562e-01	8.944340348243713379e-01
7.730600292825768882e-01	1.559139784946236562e-01	8.688123226165771484e-01
7.730600292825768882e-01	1.612903225806451568e-01	8.687874674797058105e-01
7.818448023426061155e-01	1.612903225806451568e-01	8.538889884948730469e-01
7.818448023426061155e-01	1.666666666666666574e-01	8.530402183532714844e-01
7.847730600292825986e-01	1.666666666666666574e-01	8.475746512413024902e-01
7.847730600292825986e-01	1.720430107526881858e-01	8.475501537322998047e-01
7.935578330893118260e-01	1.720430107526881858e-01	8.181577920913696289e-01
7.935578330893118260e-01	1.774193548387096864e-01	8.084101676940917969e-01
8.140556368960468747e-01	1.774193548387096864e-01	7.765031456947326660e-01
8.140556368960468747e-01	1.827956989247311870e-01	7.751193046569824219e-01
8.272327964860908267e-01	1.827956989247311870e-01	7.577496767044067383e-01
8.272327964860908267e-01	1.881720430107526876e-01	7.569217085838317871e-01
8.360175695461200540e-01	1.881720430107526876e-01	7.245669364929199219e-01
8.360175695461200540e-01	1.989247311827956888e-01	7.172353863716125488e-01
8.418740849194729092e-01	1.989247311827956888e-01	7.067969441413879395e-01
8.418740849194729092e-01	2.096774193548387177e-01	7.014005780220031738e-01
8.448023426061493923e-01	2.096774193548387177e-01	6.919856667518615723e-01
8.448023426061493923e-01	2.150537634408602183e-01	6.881350278854370117e-01
8.462664714494875229e-01	2.150537634408602183e-01	6.866616606712341309e-01
8.462664714494875229e-01	2.204301075268817189e-01	6.854467988014221191e-01
8.565153733528551028e-01	2.204301075268817189e-01	6.618651151657104492e-01
8.565153733528551028e-01	2.258064516129032195e-01	6.539382338523864746e-01
8.638360175695460885e-01	2.258064516129032195e-01	6.233597993850708008e-01
8.638360175695460885e-01	2.365591397849462485e-01	6.156934499740600586e-01
8.682284040995608132e-01	2.365591397849462485e-01	6.046602725982666016e-01
8.682284040995608132e-01	2.419354838709677491e-01	5.994511842727661133e-01
8.711566617862371853e-01	2.419354838709677491e-01	5.873451828956604004e-01
8.711566617862371853e-01	2.473118279569892497e-01	5.814831852912902832e-01
8.770131771595900405e-01	2.473118279569892497e-01	5.751395225524902344e-01
8.770131771595900405e-01	2.526881720430107503e-01	5.740350484848022461e-01
8.814055636896046542e-01	2.526881720430107503e-01	5.439093112945556641e-01
8.814055636896046542e-01	2.580645161290322509e-01	5.415656566619873047e-01
8.828696925329428957e-01	2.580645161290322509e-01	5.390919446945190430e-01
8.828696925329428957e-01	2.634408602150537515e-01	5.310482382774353027e-01
8.916544655929722341e-01	2.634408602150537515e-01	4.744953215122222900e-01
8.916544655929722341e-01	2.795698924731182533e-01	4.500070810317993164e-01
9.019033674963397029e-01	2.795698924731182533e-01	4.068600535392761230e-01
9.019033674963397029e-01	2.849462365591398094e-01	3.968011140823364258e-01
9.092240117130307997e-01	2.849462365591398094e-01	3.667319118976593018e-01
9.092240117130307997e-01	3.118279569892473124e-01	3.323559463024139404e-01
9.106881405563689302e-01	3.118279569892473124e-01	3.282514810562133789e-01
9.106881405563689302e-01	3.279569892473118142e-01	3.084109425544738770e-01
9.121522693997071718e-01	3.279569892473118142e-01	3.043808043003082275e-01
9.121522693997071718e-01	3.333333333333333148e-01	2.936910390853881836e-01
9.150805270863836549e-01	3.333333333333333148e-01	2.822126448154449463e-01
9.150805270863836549e-01	3.494623655913978721e-01	2.437161505222320557e-01
9.165446559297217854e-01	3.494623655913978721e-01	2.415951788425445557e-01
9.165446559297217854e-01	3.709677419354838745e-01	2.344105094671249390e-01
9.180087847730600270e-01	3.709677419354838745e-01	2.256447523832321167e-01
9.180087847730600270e-01	3.817204301075268758e-01	2.212533950805664062e-01
9.194729136163982686e-01	3.817204301075268758e-01	2.188616991043090820e-01
9.194729136163982686e-01	3.978494623655913776e-01	2.079898715019226074e-01
9.209370424597365101e-01	3.978494623655913776e-01	1.987796872854232788e-01
9.209370424597365101e-01	4.032258064516128782e-01	1.974656581878662109e-01
9.238653001464128822e-01	4.032258064516128782e-01	1.856241375207901001e-01
9.238653001464128822e-01	4.086021505376344343e-01	1.785348653793334961e-01
9.311859443631039790e-01	4.086021505376344343e-01	1.737664043903350830e-01
9.311859443631039790e-01	4.247311827956989361e-01	1.631899625062942505e-01
9.326500732064422206e-01	4.247311827956989361e-01	1.569317430257797241e-01
9.326500732064422206e-01	4.301075268817204367e-01	1.542980223894119263e-01
9.370424597364568342e-01	4.301075268817204367e-01	1.452504843473434448e-01
9.370424597364568342e-01	4.408602150537634379e-01	1.441462934017181396e-01
9.385065885797950758e-01	4.408602150537634379e-01	1.414917558431625366e-01
9.385065885797950758e-01	4.623655913978494403e-01	1.329960376024246216e-01
9.399707174231332063e-01	4.623655913978494403e-01	1.278448998928070068e-01
9.399707174231332063e-01	4.677419354838709409e-01	1.276780068874359131e-01
9.414348462664714479e-01	4.677419354838709409e-01	1.259653568267822266e-01
9.414348462664714479e-01	4.838709677419354982e-01	1.144259646534919739e-01
9.458272327964860615e-01	4.838709677419354982e-01	1.069447696208953857e-01
9.458272327964860615e-01	4.892473118279569988e-01	1.066242977976799011e-01
9.472913616398243031e-01	4.892473118279569988e-01	1.052760034799575806e-01
9.472913616398243031e-01	5.053763440860215006e-01	9.725484251976013184e-02
9.487554904831625446e-01	5.053763440860215006e-01	9.719529002904891968e-02
9.487554904831625446e-01	5.161290322580645018e-01	9.329967200756072998e-02
9.502196193265007862e-01	5.161290322580645018e-01	9.321390092372894287e-02
9.502196193265007862e-01	5.376344086021505042e-01	8.377844840288162231e-02
9.516837481698389167e-01	5.376344086021505042e-01	8.308687806129455566e-02
9.516837481698389167e-01	5.483870967741935054e-01	7.259616255760192871e-02
9.560761346998536414e-01	5.483870967741935054e-01	6.940130144357681274e-02
9.560761346998536414e-01	5.537634408602150060e-01	6.861829012632369995e-02
9.590043923865300135e-01	5.537634408602150060e-01	6.506360322237014771e-02
9.590043923865300135e-01	5.591397849462365066e-01	6.244810670614242554e-02
9.604685212298682551e-01	5.591397849462365066e-01	6.178042665123939514e-02
9.604685212298682551e-01	5.645161290322581182e-01	5.948970094323158264e-02
9.648609077598828687e-01	5.645161290322581182e-01	5.617607012391090393e-02
9.648609077598828687e-01	5.698924731182796188e-01	5.515799671411514282e-02
9.663250366032211103e-01	5.698924731182796188e-01	5.261746793985366821e-02
9.663250366032211103e-01	5.752688172043011194e-01	5.151232331991195679e-02
9.677891654465593518e-01	5.752688172043011194e-01	5.058804526925086975e-02
9.677891654465593518e-01	5.806451612903226200e-01	4.973262175917625427e-02
9.692532942898974824e-01	5.806451612903226200e-01	4.941047355532646179e-02
9.692532942898974824e-01	5.913978494623656212e-01	4.686130210757255554e-02
9.707174231332357239e-01	5.913978494623656212e-01	4.550212994217872620e-02
9.707174231332357239e-01	6.182795698924731242e-01	4.094227030873298645e-02
9.765739385065885791e-01	6.182795698924731242e-01	3.995468840003013611e-02
9.765739385065885791e-01	6.290322580645161255e-01	3.805278241634368896e-02
9.780380673499268207e-01	6.290322580645161255e-01	3.773146122694015503e-02
9.780380673499268207e-01	6.344086021505376261e-01	3.641052916646003723e-02
9.795021961932650623e-01	6.344086021505376261e-01	3.604346141219139099e-02
9.795021961932650623e-01	6.505376344086021279e-01	3.494995832443237305e-02
9.809663250366031928e-01	6.505376344086021279e-01	3.489587455987930298e-02
9.809663250366031928e-01	6.612903225806451291e-01	3.226638212800025940e-02
9.838945827232796759e-01	6.612903225806451291e-01	3.143209964036941528e-02
9.838945827232796759e-01	7.204301075268817467e-01	2.677281387150287628e-02
9.853587115666179175e-01	7.204301075268817467e-01	2.520959824323654175e-02
9.853587115666179175e-01	7.258064516129032473e-01	2.402314729988574982e-02
9.868228404099560480e-01	7.258064516129032473e-01	2.357790060341358185e-02
9.868228404099560480e-01	7.419354838709677491e-01	2.207074500620365143e-02
9.897510980966325311e-01	7.419354838709677491e-01	2.049723640084266663e-02
9.897510980966325311e-01	7.795698924731182533e-01	1.849388331174850464e-02
9.912152269399707727e-01	7.795698924731182533e-01	1.847895607352256775e-02
9.912152269399707727e-01	7.903225806451612545e-01	1.805254630744457245e-02
9.926793557833089032e-01	7.903225806451612545e-01	1.777413859963417053e-02
9.926793557833089032e-01	8.333333333333333703e-01	1.494931895285844803e-02
9.941434846266471448e-01	8.333333333333333703e-01	1.476104650646448135e-02
9.941434846266471448e-01	9.086021505376343788e-01	1.255558058619499207e-02
9.956076134699853863e-01	9.086021505376343788e-01	1.224126387387514114e-02
9.956076134699853863e-01	9.193548387096773800e-01	1.136398036032915115e-02
9.970717423133236279e-01	9.193548387096773800e-01	1.098561566323041916e-02
9.970717423133236279e-01	9.784946236559139976e-01	7.266697939485311508e-03
1.000000000000000000e+00	9.784946236559139976e-01	6.766942795366048813e-03
1.000000000000000000e+00	1.000000000000000000e+00	4.304786678403615952e-03
