# False Positive Rate (FPR)	True Positive Rate (TPR)	Thresholds
0.000000000000000000e+00	0.000000000000000000e+00	inf
1.464128843338213803e-03	0.000000000000000000e+00	9.995457530021667480e-01
5.856515373352855214e-03	0.000000000000000000e+00	9.991145730018615723e-01
5.856515373352855214e-03	5.376344086021505805e-03	9.989677667617797852e-01
1.317715959004392423e-01	5.376344086021505805e-03	9.964805245399475098e-01
1.317715959004392423e-01	1.075268817204301161e-02	9.964757561683654785e-01
1.434846266471449527e-01	1.075268817204301161e-02	9.963023662567138672e-01
1.434846266471449527e-01	1.612903225806451568e-02	9.962722063064575195e-01
2.518301610541727742e-01	1.612903225806451568e-02	9.951283931732177734e-01
2.518301610541727742e-01	2.150537634408602322e-02	9.951281547546386719e-01
3.352855051244509332e-01	2.150537634408602322e-02	9.940983057022094727e-01
3.352855051244509332e-01	2.688172043010752729e-02	9.940925240516662598e-01
3.382137628111273608e-01	2.688172043010752729e-02	9.940336346626281738e-01
3.382137628111273608e-01	3.225806451612903136e-02	9.940290451049804688e-01
3.689604685212298785e-01	3.225806451612903136e-02	9.935700893402099609e-01
3.689604685212298785e-01	3.763440860215053890e-02	9.935664534568786621e-01
4.011713030746705821e-01	3.763440860215053890e-02	9.932689070701599121e-01
4.011713030746705821e-01	4.301075268817204644e-02	9.932245612144470215e-01
4.158125915080527202e-01	4.301075268817204644e-02	9.929081201553344727e-01
4.187408491947291478e-01	4.301075268817204644e-02	9.929021000862121582e-01
4.421669106881405686e-01	4.301075268817204644e-02	9.926617145538330078e-01
4.421669106881405686e-01	4.838709677419354704e-02	9.926359057426452637e-01
4.450951683748169962e-01	4.838709677419354704e-02	9.925786852836608887e-01
4.450951683748169962e-01	5.376344086021505458e-02	9.925767779350280762e-01
4.934114202049780240e-01	5.376344086021505458e-02	9.917694330215454102e-01
4.934114202049780240e-01	5.913978494623656212e-02	9.917542934417724609e-01
5.358711566617861966e-01	5.913978494623656212e-02	9.909954667091369629e-01
5.358711566617861966e-01	6.451612903225806273e-02	9.909878373146057129e-01
5.959004392386529902e-01	6.451612903225806273e-02	9.897241592407226562e-01
5.959004392386529902e-01	6.989247311827956333e-02	9.897158741950988770e-01
6.456808199121523151e-01	6.989247311827956333e-02	9.883286952972412109e-01
6.456808199121523151e-01	7.526881720430107781e-02	9.883154630661010742e-01
6.720351390922401080e-01	7.526881720430107781e-02	9.870096445083618164e-01
6.720351390922401080e-01	8.064516129032257841e-02	9.870052337646484375e-01
6.969253294289897704e-01	8.064516129032257841e-02	9.829913973808288574e-01
6.969253294289897704e-01	9.139784946236559349e-02	9.826122522354125977e-01
7.159590043923865776e-01	9.139784946236559349e-02	9.774407744407653809e-01
7.159590043923865776e-01	9.677419354838709409e-02	9.772793054580688477e-01
7.467057101024889842e-01	9.677419354838709409e-02	9.608224034309387207e-01
7.467057101024889842e-01	1.021505376344086086e-01	9.589731693267822266e-01
7.496339677891654674e-01	1.021505376344086086e-01	9.568237662315368652e-01
7.496339677891654674e-01	1.075268817204301092e-01	9.557314515113830566e-01
7.510980966325037089e-01	1.075268817204301092e-01	9.554871916770935059e-01
7.510980966325037089e-01	1.129032258064516098e-01	9.516744613647460938e-01
7.554904831625183226e-01	1.129032258064516098e-01	9.475654959678649902e-01
7.554904831625183226e-01	1.182795698924731242e-01	9.450913071632385254e-01
7.628111273792094194e-01	1.182795698924731242e-01	9.352102875709533691e-01
7.628111273792094194e-01	1.236559139784946248e-01	9.329757690429687500e-01
7.774524158125915019e-01	1.236559139784946248e-01	9.022840857505798340e-01
7.774524158125915019e-01	1.290322580645161255e-01	8.964551687240600586e-01
7.818448023426061155e-01	1.290322580645161255e-01	8.923845887184143066e-01
7.818448023426061155e-01	1.344086021505376261e-01	8.911110758781433105e-01
7.935578330893118260e-01	1.344086021505376261e-01	8.700520992279052734e-01
7.935578330893118260e-01	1.451612903225806550e-01	8.672165870666503906e-01
7.979502196193265506e-01	1.451612903225806550e-01	8.631771206855773926e-01
7.979502196193265506e-01	1.559139784946236562e-01	8.524709939956665039e-01
8.008784773060029227e-01	1.559139784946236562e-01	8.454735279083251953e-01
8.008784773060029227e-01	1.666666666666666574e-01	8.370864987373352051e-01
8.038067349926794058e-01	1.666666666666666574e-01	8.285751938819885254e-01
8.038067349926794058e-01	1.774193548387096864e-01	8.209931254386901855e-01
8.052708638360175364e-01	1.774193548387096864e-01	8.191018700599670410e-01
8.052708638360175364e-01	1.827956989247311870e-01	8.189401030540466309e-01
8.067349926793557779e-01	1.827956989247311870e-01	8.158267736434936523e-01
8.067349926793557779e-01	1.935483870967741882e-01	8.047338724136352539e-01
8.081991215226940195e-01	1.935483870967741882e-01	8.039678931236267090e-01
8.081991215226940195e-01	1.989247311827956888e-01	8.009191155433654785e-01
8.125915080527086332e-01	1.989247311827956888e-01	7.872956395149230957e-01
8.125915080527086332e-01	2.043010752688172171e-01	7.823027968406677246e-01
8.169838945827232468e-01	2.043010752688172171e-01	7.758278250694274902e-01
8.169838945827232468e-01	2.096774193548387177e-01	7.675408720970153809e-01
8.184480234260614884e-01	2.096774193548387177e-01	7.675395011901855469e-01
8.184480234260614884e-01	2.150537634408602183e-01	7.657266855239868164e-01
8.213762811127379715e-01	2.150537634408602183e-01	7.648848295211791992e-01
8.213762811127379715e-01	2.204301075268817189e-01	7.642002701759338379e-01
8.316251830161054404e-01	2.204301075268817189e-01	7.477790713310241699e-01
8.316251830161054404e-01	2.258064516129032195e-01	7.447732090950012207e-01
8.345534407027818125e-01	2.258064516129032195e-01	7.413404583930969238e-01
8.345534407027818125e-01	2.365591397849462485e-01	7.332536578178405762e-01
8.374816983894582956e-01	2.365591397849462485e-01	7.287309169769287109e-01
8.374816983894582956e-01	2.419354838709677491e-01	7.270612120628356934e-01
8.389458272327965371e-01	2.419354838709677491e-01	7.218487262725830078e-01
8.389458272327965371e-01	2.473118279569892497e-01	7.184133529663085938e-01
8.404099560761346677e-01	2.473118279569892497e-01	7.118844985961914062e-01
8.404099560761346677e-01	2.580645161290322509e-01	7.099202871322631836e-01
8.491947291361640060e-01	2.580645161290322509e-01	6.962850093841552734e-01
8.491947291361640060e-01	2.688172043010752521e-01	6.938830614089965820e-01
8.506588579795022476e-01	2.688172043010752521e-01	6.850587725639343262e-01
8.506588579795022476e-01	2.795698924731182533e-01	6.787097454071044922e-01
8.550512445095168612e-01	2.795698924731182533e-01	6.687253117561340332e-01
8.550512445095168612e-01	2.849462365591398094e-01	6.669855117797851562e-01
8.594436310395314749e-01	2.849462365591398094e-01	6.599003076553344727e-01
8.594436310395314749e-01	2.903225806451613100e-01	6.555364727973937988e-01
8.638360175695460885e-01	2.903225806451613100e-01	6.509684324264526367e-01
8.638360175695460885e-01	2.956989247311828106e-01	6.508718132972717285e-01
8.653001464128843301e-01	2.956989247311828106e-01	6.489145755767822266e-01
8.653001464128843301e-01	3.064516129032258118e-01	6.313945055007934570e-01
8.667642752562225716e-01	3.064516129032258118e-01	6.292856335639953613e-01
8.667642752562225716e-01	3.118279569892473124e-01	6.265274286270141602e-01
8.682284040995608132e-01	3.118279569892473124e-01	6.196812391281127930e-01
8.682284040995608132e-01	3.225806451612903136e-01	6.111564636230468750e-01
8.740849194729136684e-01	3.225806451612903136e-01	5.887001752853393555e-01
8.740849194729136684e-01	3.279569892473118142e-01	5.860583782196044922e-01
8.828696925329428957e-01	3.279569892473118142e-01	5.677986741065979004e-01
8.828696925329428957e-01	3.387096774193548154e-01	5.617113709449768066e-01
8.843338213762811373e-01	3.387096774193548154e-01	5.546003580093383789e-01
8.843338213762811373e-01	3.440860215053763715e-01	5.542843341827392578e-01
8.872620790629575094e-01	3.440860215053763715e-01	5.516924262046813965e-01
8.872620790629575094e-01	3.494623655913978721e-01	5.487218499183654785e-01
8.916544655929722341e-01	3.494623655913978721e-01	5.431033372879028320e-01
8.916544655929722341e-01	3.602150537634408733e-01	5.392210483551025391e-01
8.931185944363103646e-01	3.602150537634408733e-01	5.366336703300476074e-01
8.931185944363103646e-01	3.655913978494623739e-01	5.358488559722900391e-01
8.945827232796486062e-01	3.655913978494623739e-01	5.307754874229431152e-01
8.945827232796486062e-01	3.709677419354838745e-01	5.296893715858459473e-01
8.975109809663250893e-01	3.709677419354838745e-01	5.210176110267639160e-01
8.975109809663250893e-01	3.870967741935483764e-01	5.126631259918212891e-01
9.048316251830160750e-01	3.870967741935483764e-01	5.030205249786376953e-01
9.048316251830160750e-01	3.978494623655913776e-01	4.858338534832000732e-01
9.092240117130307997e-01	3.978494623655913776e-01	4.771499335765838623e-01
9.092240117130307997e-01	4.032258064516128782e-01	4.729697406291961670e-01
9.150805270863836549e-01	4.032258064516128782e-01	4.666538536548614502e-01
9.150805270863836549e-01	4.139784946236559349e-01	4.539140462875366211e-01
9.165446559297217854e-01	4.139784946236559349e-01	4.536180496215820312e-01
9.165446559297217854e-01	4.247311827956989361e-01	4.518932700157165527e-01
9.194729136163982686e-01	4.247311827956989361e-01	4.491042494773864746e-01
9.194729136163982686e-01	4.354838709677419373e-01	4.479071795940399170e-01
9.253294289897511238e-01	4.354838709677419373e-01	4.206349849700927734e-01
9.253294289897511238e-01	4.408602150537634379e-01	4.184542298316955566e-01
9.267935578330893653e-01	4.408602150537634379e-01	4.180331528186798096e-01
9.267935578330893653e-01	4.462365591397849385e-01	4.166354537010192871e-01
9.297218155197657374e-01	4.462365591397849385e-01	4.148417711257934570e-01
9.297218155197657374e-01	4.516129032258064391e-01	4.128960371017456055e-01
9.311859443631039790e-01	4.516129032258064391e-01	4.119374752044677734e-01
9.311859443631039790e-01	4.623655913978494403e-01	4.109825193881988525e-01
9.326500732064422206e-01	4.623655913978494403e-01	4.108109176158905029e-01
9.326500732064422206e-01	4.677419354838709409e-01	4.090537130832672119e-01
9.341142020497803511e-01	4.677419354838709409e-01	4.079737365245819092e-01
9.341142020497803511e-01	4.784946236559139976e-01	4.060871303081512451e-01
9.355783308931185926e-01	4.784946236559139976e-01	4.041795432567596436e-01
9.355783308931185926e-01	4.838709677419354982e-01	4.038379490375518799e-01
9.370424597364568342e-01	4.838709677419354982e-01	4.036104381084442139e-01
9.370424597364568342e-01	5.161290322580645018e-01	3.817347884178161621e-01
9.385065885797950758e-01	5.161290322580645018e-01	3.794020116329193115e-01
9.385065885797950758e-01	5.215053763440860024e-01	3.774180114269256592e-01
9.399707174231332063e-01	5.215053763440860024e-01	3.772917687892913818e-01
9.399707174231332063e-01	5.430107526881720048e-01	3.688973188400268555e-01
9.458272327964860615e-01	5.430107526881720048e-01	3.614147305488586426e-01
9.458272327964860615e-01	5.537634408602150060e-01	3.605211973190307617e-01
9.502196193265007862e-01	5.537634408602150060e-01	3.591262102127075195e-01
9.502196193265007862e-01	5.645161290322581182e-01	3.554978072643280029e-01
9.531478770131771583e-01	5.645161290322581182e-01	3.547505438327789307e-01
9.531478770131771583e-01	5.752688172043011194e-01	3.514019846916198730e-01
9.560761346998536414e-01	5.752688172043011194e-01	3.445959389209747314e-01
9.560761346998536414e-01	5.806451612903226200e-01	3.445605933666229248e-01
9.575402635431917719e-01	5.806451612903226200e-01	3.420387506484985352e-01
9.575402635431917719e-01	5.913978494623656212e-01	3.409573435783386230e-01
9.590043923865300135e-01	5.913978494623656212e-01	3.393436670303344727e-01
9.590043923865300135e-01	5.967741935483871218e-01	3.379788398742675781e-01
9.619326500732064966e-01	5.967741935483871218e-01	3.358500003814697266e-01
9.619326500732064966e-01	6.075268817204301230e-01	3.350579738616943359e-01
9.648609077598828687e-01	6.075268817204301230e-01	3.350000381469726562e-01
9.648609077598828687e-01	6.129032258064516236e-01	3.343065977096557617e-01
9.663250366032211103e-01	6.129032258064516236e-01	3.339128792285919189e-01
9.663250366032211103e-01	6.505376344086021279e-01	3.231798112392425537e-01
9.677891654465593518e-01	6.505376344086021279e-01	3.222354650497436523e-01
9.677891654465593518e-01	6.559139784946236285e-01	3.213901817798614502e-01
9.692532942898974824e-01	6.559139784946236285e-01	3.192038238048553467e-01
9.692532942898974824e-01	6.720430107526881303e-01	3.151352703571319580e-01
9.736456808199122070e-01	6.720430107526881303e-01	3.126021921634674072e-01
9.736456808199122070e-01	6.827956989247311315e-01	3.124652206897735596e-01
9.751098096632503376e-01	6.827956989247311315e-01	3.108431696891784668e-01
9.751098096632503376e-01	7.150537634408602461e-01	3.016163706779479980e-01
9.765739385065885791e-01	7.150537634408602461e-01	3.014899492263793945e-01
9.765739385065885791e-01	7.311827956989247479e-01	2.998512387275695801e-01
9.838945827232796759e-01	7.311827956989247479e-01	2.899180054664611816e-01
9.838945827232796759e-01	8.010752688172042557e-01	2.801876366138458252e-01
9.853587115666179175e-01	8.010752688172042557e-01	2.798309326171875000e-01
9.853587115666179175e-01	8.279569892473118697e-01	2.721091508865356445e-01
9.882869692532942896e-01	8.279569892473118697e-01	2.712508738040924072e-01
9.882869692532942896e-01	8.709677419354838745e-01	2.644433677196502686e-01
9.897510980966325311e-01	8.709677419354838745e-01	2.642688155174255371e-01
9.897510980966325311e-01	8.870967741935483764e-01	2.558831274509429932e-01
9.956076134699853863e-01	8.870967741935483764e-01	2.515826523303985596e-01
9.956076134699853863e-01	9.032258064516128782e-01	2.511137425899505615e-01
9.970717423133236279e-01	9.032258064516128782e-01	2.490200251340866089e-01
9.970717423133236279e-01	9.139784946236558794e-01	2.417584657669067383e-01
9.985358711566617584e-01	9.139784946236558794e-01	2.415875941514968872e-01
9.985358711566617584e-01	9.569892473118279952e-01	2.357077598571777344e-01
1.000000000000000000e+00	9.569892473118279952e-01	2.350765317678451538e-01
1.000000000000000000e+00	1.000000000000000000e+00	2.143388539552688599e-01
