# False Positive Rate (FPR)	True Positive Rate (TPR)	Thresholds
0.000000000000000000e+00	0.000000000000000000e+00	inf
1.464128843338213803e-03	0.000000000000000000e+00	9.999636411666870117e-01
3.513909224011713128e-02	0.000000000000000000e+00	9.999454021453857422e-01
3.806734992679355889e-02	0.000000000000000000e+00	9.999452829360961914e-01
5.563689604685212453e-02	0.000000000000000000e+00	9.999386072158813477e-01
5.856515373352855214e-02	0.000000000000000000e+00	9.999382495880126953e-01
6.442166910688140735e-02	0.000000000000000000e+00	9.999363422393798828e-01
6.734992679355783496e-02	0.000000000000000000e+00	9.999357461929321289e-01
7.320644216691069017e-02	0.000000000000000000e+00	9.999341964721679688e-01
7.613469985358711778e-02	0.000000000000000000e+00	9.999322891235351562e-01
9.516837481698389722e-02	0.000000000000000000e+00	9.999244213104248047e-01
9.809663250366032483e-02	0.000000000000000000e+00	9.999240636825561523e-01
1.039531478770131800e-01	0.000000000000000000e+00	9.999225139617919922e-01
1.098096632503660353e-01	0.000000000000000000e+00	9.999209642410278320e-01
1.171303074670571043e-01	0.000000000000000000e+00	9.999188184738159180e-01
1.200585651537335319e-01	0.000000000000000000e+00	9.999186992645263672e-01
1.317715959004392423e-01	0.000000000000000000e+00	9.999147653579711914e-01
1.376281112737920975e-01	0.000000000000000000e+00	9.999129772186279297e-01
1.493411420204978080e-01	0.000000000000000000e+00	9.999092817306518555e-01
1.493411420204978080e-01	5.376344086021505805e-03	9.999090433120727539e-01
1.508052708638360218e-01	5.376344086021505805e-03	9.999088048934936523e-01
1.537335285505124494e-01	5.376344086021505805e-03	9.999082088470458984e-01
1.581259150805270908e-01	5.376344086021505805e-03	9.999073743820190430e-01
1.610541727672035184e-01	5.376344086021505805e-03	9.999070167541503906e-01
1.625183016105417322e-01	5.376344086021505805e-03	9.999067783355712891e-01
1.669106881405563736e-01	5.376344086021505805e-03	9.999058246612548828e-01
2.049780380673499325e-01	5.376344086021505805e-03	9.998908042907714844e-01
2.079062957540263601e-01	1.075268817204301161e-02	9.998905658721923828e-01
2.269399707174231395e-01	1.075268817204301161e-02	9.998841285705566406e-01
2.298682284040995671e-01	1.075268817204301161e-02	9.998836517333984375e-01
2.928257686676427607e-01	1.075268817204301161e-02	9.998552799224853516e-01
2.957540263543191883e-01	1.075268817204301161e-02	9.998549222946166992e-01
3.396778916544656024e-01	1.075268817204301161e-02	9.998291730880737305e-01
3.426061493411420300e-01	1.075268817204301161e-02	9.998276233673095703e-01
3.469985358711566437e-01	1.075268817204301161e-02	9.998250603675842285e-01
3.499267935578330713e-01	1.075268817204301161e-02	9.998248219490051270e-01
3.557833089311859265e-01	1.075268817204301161e-02	9.998183846473693848e-01
3.557833089311859265e-01	1.612903225806451568e-02	9.998164772987365723e-01
3.631039531478770233e-01	1.612903225806451568e-02	9.998096823692321777e-01
3.631039531478770233e-01	2.150537634408602322e-02	9.998078942298889160e-01
3.674963396778916369e-01	2.150537634408602322e-02	9.998055100440979004e-01
3.704245973645680645e-01	2.150537634408602322e-02	9.998053908348083496e-01
3.704245973645680645e-01	2.688172043010752729e-02	9.998050332069396973e-01
3.821376281112737749e-01	2.688172043010752729e-02	9.997931122779846191e-01
3.821376281112737749e-01	3.225806451612903136e-02	9.997929930686950684e-01
3.879941434846266302e-01	3.225806451612903136e-02	9.997913241386413574e-01
3.982430453879941545e-01	3.225806451612903136e-02	9.997822642326354980e-01
4.011713030746705821e-01	3.225806451612903136e-02	9.997820258140563965e-01
4.128843338213762926e-01	3.225806451612903136e-02	9.997660517692565918e-01
4.158125915080527202e-01	3.225806451612903136e-02	9.997655749320983887e-01
4.202049780380673338e-01	3.225806451612903136e-02	9.997624754905700684e-01
4.202049780380673338e-01	3.763440860215053890e-02	9.997605681419372559e-01
4.348462664714494719e-01	3.763440860215053890e-02	9.997332692146301270e-01
4.348462664714494719e-01	4.301075268817204644e-02	9.997306466102600098e-01
4.626647144948755619e-01	4.301075268817204644e-02	9.996663331985473633e-01
4.626647144948755619e-01	4.838709677419354704e-02	9.996662139892578125e-01
4.860907759882869827e-01	4.838709677419354704e-02	9.996235370635986328e-01
4.860907759882869827e-01	5.376344086021505458e-02	9.996190071105957031e-01
4.934114202049780240e-01	5.376344086021505458e-02	9.995968937873840332e-01
4.934114202049780240e-01	5.913978494623656212e-02	9.995943903923034668e-01
5.153733528550512588e-01	5.913978494623656212e-02	9.995397329330444336e-01
5.153733528550512588e-01	6.451612903225806273e-02	9.995280504226684570e-01
5.241581259150804861e-01	6.451612903225806273e-02	9.994922876358032227e-01
5.241581259150804861e-01	6.989247311827956333e-02	9.994819760322570801e-01
5.417276720351390518e-01	6.989247311827956333e-02	9.994267225265502930e-01
5.417276720351390518e-01	7.526881720430107781e-02	9.994248151779174805e-01
5.636896046852123421e-01	7.526881720430107781e-02	9.992625117301940918e-01
5.636896046852123421e-01	8.064516129032257841e-02	9.992473125457763672e-01
5.666178623718887142e-01	8.064516129032257841e-02	9.992226362228393555e-01
5.695461200585651973e-01	8.064516129032257841e-02	9.992176294326782227e-01
5.827232796486090383e-01	8.064516129032257841e-02	9.991132616996765137e-01
5.827232796486090383e-01	8.602150537634409289e-02	9.990971088409423828e-01
6.163982430453880390e-01	8.602150537634409289e-02	9.987448453903198242e-01
6.163982430453880390e-01	9.677419354838709409e-02	9.987224936485290527e-01
6.354319180087847352e-01	9.677419354838709409e-02	9.984558820724487305e-01
6.354319180087847352e-01	1.021505376344086086e-01	9.984481334686279297e-01
6.471449487554904456e-01	1.021505376344086086e-01	9.982719421386718750e-01
6.471449487554904456e-01	1.075268817204301092e-01	9.982643723487854004e-01
6.939970717423132873e-01	1.075268817204301092e-01	9.965974688529968262e-01
6.939970717423132873e-01	1.129032258064516098e-01	9.965387582778930664e-01
6.998535871156661425e-01	1.129032258064516098e-01	9.958393573760986328e-01
6.998535871156661425e-01	1.236559139784946248e-01	9.957281947135925293e-01
7.232796486090775634e-01	1.236559139784946248e-01	9.938141107559204102e-01
7.232796486090775634e-01	1.290322580645161255e-01	9.937788844108581543e-01
7.247437774524158050e-01	1.290322580645161255e-01	9.937054514884948730e-01
7.247437774524158050e-01	1.344086021505376261e-01	9.935894012451171875e-01
7.291361639824304186e-01	1.344086021505376261e-01	9.933785200119018555e-01
7.291361639824304186e-01	1.397849462365591267e-01	9.932703375816345215e-01
7.335285505124451433e-01	1.397849462365591267e-01	9.930577278137207031e-01
7.335285505124451433e-01	1.451612903225806550e-01	9.929424524307250977e-01
7.349926793557832738e-01	1.451612903225806550e-01	9.928590059280395508e-01
7.349926793557832738e-01	1.505376344086021556e-01	9.928544163703918457e-01
7.584187408491946947e-01	1.505376344086021556e-01	9.892885684967041016e-01
7.584187408491946947e-01	1.559139784946236562e-01	9.891350269317626953e-01
7.613469985358711778e-01	1.559139784946236562e-01	9.879211187362670898e-01
7.613469985358711778e-01	1.612903225806451568e-01	9.875140786170959473e-01
7.672035139092240330e-01	1.612903225806451568e-01	9.866129159927368164e-01
7.672035139092240330e-01	1.720430107526881858e-01	9.859114885330200195e-01
7.730600292825768882e-01	1.720430107526881858e-01	9.852767586708068848e-01
7.730600292825768882e-01	1.774193548387096864e-01	9.849411845207214355e-01
7.759882869692532603e-01	1.774193548387096864e-01	9.835619330406188965e-01
7.759882869692532603e-01	1.881720430107526876e-01	9.830485582351684570e-01
7.803806734992679850e-01	1.881720430107526876e-01	9.814935922622680664e-01
7.803806734992679850e-01	1.935483870967741882e-01	9.804588556289672852e-01
7.877013177159589707e-01	1.935483870967741882e-01	9.773844480514526367e-01
7.877013177159589707e-01	1.989247311827956888e-01	9.770072698593139648e-01
7.920937042459736954e-01	1.989247311827956888e-01	9.756480455398559570e-01
7.920937042459736954e-01	2.043010752688172171e-01	9.754003882408142090e-01
8.125915080527086332e-01	2.043010752688172171e-01	9.607174396514892578e-01
8.125915080527086332e-01	2.096774193548387177e-01	9.576325416564941406e-01
8.169838945827232468e-01	2.096774193548387177e-01	9.484324455261230469e-01
8.169838945827232468e-01	2.204301075268817189e-01	9.432774782180786133e-01
8.213762811127379715e-01	2.204301075268817189e-01	9.381543993949890137e-01
8.213762811127379715e-01	2.258064516129032195e-01	9.379789829254150391e-01
8.228404099560761020e-01	2.258064516129032195e-01	9.369336962699890137e-01
8.228404099560761020e-01	2.311827956989247201e-01	9.352732300758361816e-01
8.301610541727671988e-01	2.311827956989247201e-01	9.233341217041015625e-01
8.301610541727671988e-01	2.419354838709677491e-01	9.166776537895202637e-01
8.360175695461200540e-01	2.419354838709677491e-01	9.125314950942993164e-01
8.360175695461200540e-01	2.473118279569892497e-01	9.120506048202514648e-01
8.491947291361640060e-01	2.473118279569892497e-01	8.851624727249145508e-01
8.491947291361640060e-01	2.526881720430107503e-01	8.820345401763916016e-01
8.594436310395314749e-01	2.526881720430107503e-01	8.354212045669555664e-01
8.594436310395314749e-01	2.580645161290322509e-01	8.341245651245117188e-01
8.638360175695460885e-01	2.580645161290322509e-01	8.304060101509094238e-01
8.638360175695460885e-01	2.634408602150537515e-01	8.213619589805603027e-01
8.653001464128843301e-01	2.634408602150537515e-01	8.208394050598144531e-01
8.653001464128843301e-01	2.688172043010752521e-01	8.185679912567138672e-01
8.770131771595900405e-01	2.688172043010752521e-01	7.562771439552307129e-01
8.770131771595900405e-01	2.795698924731182533e-01	7.312670350074768066e-01
8.857979502196193788e-01	2.795698924731182533e-01	6.353119015693664551e-01
8.857979502196193788e-01	2.849462365591398094e-01	6.309204697608947754e-01
8.887262079062957509e-01	2.849462365591398094e-01	6.002878546714782715e-01
8.887262079062957509e-01	2.956989247311828106e-01	5.933990478515625000e-01
8.901903367496339925e-01	2.956989247311828106e-01	5.856697559356689453e-01
8.901903367496339925e-01	3.010752688172043112e-01	5.806531906127929688e-01
8.945827232796486062e-01	3.010752688172043112e-01	5.650238990783691406e-01
8.945827232796486062e-01	3.064516129032258118e-01	5.448790192604064941e-01
8.989751098096632198e-01	3.064516129032258118e-01	4.978944957256317139e-01
8.989751098096632198e-01	3.172043010752688130e-01	4.955615401268005371e-01
9.062957540263543166e-01	3.172043010752688130e-01	4.021478295326232910e-01
9.062957540263543166e-01	3.225806451612903136e-01	3.966196775436401367e-01
9.077598828696925581e-01	3.225806451612903136e-01	3.940811157226562500e-01
9.077598828696925581e-01	3.387096774193548154e-01	3.760800063610076904e-01
9.092240117130307997e-01	3.387096774193548154e-01	3.493817448616027832e-01
9.092240117130307997e-01	3.548387096774193727e-01	3.426358103752136230e-01
9.121522693997071718e-01	3.548387096774193727e-01	3.034779131412506104e-01
9.121522693997071718e-01	3.602150537634408733e-01	2.891114950180053711e-01
9.136163982430454134e-01	3.602150537634408733e-01	2.882827520370483398e-01
9.136163982430454134e-01	3.709677419354838745e-01	2.769833505153656006e-01
9.150805270863836549e-01	3.709677419354838745e-01	2.703596651554107666e-01
9.150805270863836549e-01	3.817204301075268758e-01	2.556813061237335205e-01
9.165446559297217854e-01	3.817204301075268758e-01	2.513765692710876465e-01
9.165446559297217854e-01	3.978494623655913776e-01	2.208329588174819946e-01
9.180087847730600270e-01	3.978494623655913776e-01	2.158948034048080444e-01
9.180087847730600270e-01	4.086021505376344343e-01	2.032112926244735718e-01
9.238653001464128822e-01	4.086021505376344343e-01	1.850392371416091919e-01
9.238653001464128822e-01	4.139784946236559349e-01	1.680582165718078613e-01
9.267935578330893653e-01	4.139784946236559349e-01	1.607790291309356689e-01
9.267935578330893653e-01	4.193548387096774355e-01	1.598996818065643311e-01
9.282576866764274959e-01	4.193548387096774355e-01	1.595329940319061279e-01
9.282576866764274959e-01	4.247311827956989361e-01	1.572472304105758667e-01
9.341142020497803511e-01	4.247311827956989361e-01	1.367759406566619873e-01
9.341142020497803511e-01	4.354838709677419373e-01	1.283210068941116333e-01
9.385065885797950758e-01	4.354838709677419373e-01	1.236706078052520752e-01
9.385065885797950758e-01	4.462365591397849385e-01	1.162937879562377930e-01
9.399707174231332063e-01	4.462365591397849385e-01	9.711200743913650513e-02
9.399707174231332063e-01	4.516129032258064391e-01	9.433029592037200928e-02
9.428989751098096894e-01	4.516129032258064391e-01	8.524356782436370850e-02
9.428989751098096894e-01	4.838709677419354982e-01	7.545445859432220459e-02
9.458272327964860615e-01	4.838709677419354982e-01	7.266999036073684692e-02
9.458272327964860615e-01	4.946236559139784994e-01	7.009834051132202148e-02
9.487554904831625446e-01	4.946236559139784994e-01	6.888246536254882812e-02
9.487554904831625446e-01	5.000000000000000000e-01	6.640315800905227661e-02
9.516837481698389167e-01	5.000000000000000000e-01	6.557808071374893188e-02
9.516837481698389167e-01	5.053763440860215006e-01	6.157182529568672180e-02
9.531478770131771583e-01	5.053763440860215006e-01	6.079458072781562805e-02
9.531478770131771583e-01	5.107526881720430012e-01	5.978115648031234741e-02
9.546120058565153998e-01	5.107526881720430012e-01	5.674923583865165710e-02
9.546120058565153998e-01	5.376344086021505042e-01	4.680512845516204834e-02
9.560761346998536414e-01	5.376344086021505042e-01	4.663721472024917603e-02
9.560761346998536414e-01	5.645161290322581182e-01	3.775986284017562866e-02
9.575402635431917719e-01	5.645161290322581182e-01	3.749455511569976807e-02
9.575402635431917719e-01	5.806451612903226200e-01	3.499096632003784180e-02
9.590043923865300135e-01	5.806451612903226200e-01	3.447987511754035950e-02
9.590043923865300135e-01	5.967741935483871218e-01	3.321211412549018860e-02
9.633967789165446272e-01	5.967741935483871218e-01	3.074007853865623474e-02
9.633967789165446272e-01	6.021505376344086224e-01	2.963603660464286804e-02
9.663250366032211103e-01	6.021505376344086224e-01	2.802175283432006836e-02
9.663250366032211103e-01	6.075268817204301230e-01	2.661865949630737305e-02
9.677891654465593518e-01	6.075268817204301230e-01	2.637373842298984528e-02
9.677891654465593518e-01	6.129032258064516236e-01	2.572850696742534637e-02
9.707174231332357239e-01	6.129032258064516236e-01	2.415661513805389404e-02
9.707174231332357239e-01	6.290322580645161255e-01	2.239638380706310272e-02
9.721815519765739655e-01	6.290322580645161255e-01	2.138914912939071655e-02
9.721815519765739655e-01	6.774193548387096309e-01	1.307489443570375443e-02
9.736456808199122070e-01	6.774193548387096309e-01	1.280133239924907684e-02
9.736456808199122070e-01	6.881720430107527431e-01	1.202129758894443512e-02
9.765739385065885791e-01	6.881720430107527431e-01	1.164877135306596756e-02
9.765739385065885791e-01	6.935483870967742437e-01	1.055125612765550613e-02
9.780380673499268207e-01	6.935483870967742437e-01	1.003520563244819641e-02
9.780380673499268207e-01	7.096774193548387455e-01	9.275836870074272156e-03
9.795021961932650623e-01	7.096774193548387455e-01	9.022053331136703491e-03
9.795021961932650623e-01	7.150537634408602461e-01	8.761681616306304932e-03
9.809663250366031928e-01	7.150537634408602461e-01	8.715849369764328003e-03
9.809663250366031928e-01	7.473118279569892497e-01	7.150990888476371765e-03
9.838945827232796759e-01	7.473118279569892497e-01	6.950107868760824203e-03
9.838945827232796759e-01	7.688172043010752521e-01	5.792994983494281769e-03
9.853587115666179175e-01	7.688172043010752521e-01	5.670988932251930237e-03
9.853587115666179175e-01	7.795698924731182533e-01	5.425540730357170105e-03
9.882869692532942896e-01	7.795698924731182533e-01	5.153383128345012665e-03
9.882869692532942896e-01	7.956989247311827551e-01	4.379296209663152695e-03
9.897510980966325311e-01	7.956989247311827551e-01	4.180679563432931900e-03
9.897510980966325311e-01	8.279569892473118697e-01	3.508027875795960426e-03
9.926793557833089032e-01	8.279569892473118697e-01	3.485426073893904686e-03
9.926793557833089032e-01	8.440860215053763715e-01	2.988613443449139595e-03
9.941434846266471448e-01	8.440860215053763715e-01	2.787559293210506439e-03
9.941434846266471448e-01	8.548387096774193727e-01	2.639535581693053246e-03
9.956076134699853863e-01	8.548387096774193727e-01	2.319187158718705177e-03
9.956076134699853863e-01	8.602150537634408733e-01	2.236554399132728577e-03
9.970717423133236279e-01	8.602150537634408733e-01	2.182132797315716743e-03
9.970717423133236279e-01	9.784946236559139976e-01	8.297552121803164482e-04
9.985358711566617584e-01	9.784946236559139976e-01	8.275521686300635338e-04
9.985358711566617584e-01	9.838709677419354982e-01	7.772245444357395172e-04
1.000000000000000000e+00	9.838709677419354982e-01	7.676054374314844608e-04
1.000000000000000000e+00	1.000000000000000000e+00	5.583431920967996120e-04
